50      997.200012      264.000000     3022.000000
100    6349.600098     1171.000000    13971.000000
150   35738.300781     1118.000000   104543.000000
200   78935.398438     6903.000000   387643.000000
250   79842.000000    10511.000000   524143.000000
300   86112.500000     1366.000000   366944.000000
350   93375.500000    10845.000000   336340.000000
400  105898.000000     3930.000000   319931.000000
450  106791.898438     3242.000000   242888.000000
500  232009.203125    25774.000000   419711.000000
