50   406.899994   194.000000   796.000000
100  1895.400024    448.000000   3340.000000
150  3054.300049    638.000000   5792.000000
200  5991.700195    976.000000   12467.000000
250  6160.899902    931.000000   13549.000000
300  8766.599609    1337.000000   19291.000000
350  14209.099609    3175.000000   31671.000000
400  21886.599609    4434.000000   41226.000000
450  18038.000000    3451.000000   23647.000000
500  31588.300781    2717.000000   58283.000000
550  33240.699219    3723.000000   64161.000000
600  42949.699219    29550.000000   73423.000000
650   39367.601562   4487.000000   96337.000000
700  55351.000000    7814.000000   96792.000000
750   35864.398438   5252.000000   54547.000000
800   68480.601562   14155.000000   136842.000000
850   90590.703125   12396.000000   157574.000000
900  82251.601562    6443.000000   172870.000000
950  113983.796875    20654.000000   188933.000000
1000 74677.203125     25777.000000   118159.000000
