50   1110.500000   591.000000   1634.000000
100  3383.699951    1647.000000   4291.000000
150  6359.600098    3399.000000   9076.000000
200  8949.099609    5411.000000   11974.000000
250  13046.000000    7124.000000   17318.000000
300  18213.599609    11710.000000   24032.000000
350  23613.699219    15444.000000   32583.000000
400  29663.900391    19074.000000   44456.000000
450  34551.101562    25190.000000   53660.000000
500  46103.101562    32022.000000   66693.000000
550  46985.199219    28338.000000   61830.000000
600  57021.898438    45344.000000   73904.000000
650   69313.703125   55477.000000   101765.000000
700  82591.203125    61641.000000   112873.000000
750   96472.703125   56043.000000   127025.000000
800   109962.796875   64376.000000   144116.000000
850   122252.101562   74229.000000   156977.000000
900  137682.296875    84167.000000   175447.000000
950  169572.500000    100000.000000   199519.000000

