50   1109.199951   605.000000   1602.000000
100  3364.399902    1619.000000   4186.000000
150  6339.399902    3352.000000   8956.000000
200  8924.299805    5380.000000   11988.000000
250  13002.000000    6901.000000   17290.000000
300  18201.199219    11652.000000   24029.000000
350  23553.900391    15248.000000   32611.000000
400  29587.599609    18552.000000   44525.000000
450  34404.500000    24852.000000   53673.000000
500  45980.300781    31842.000000   66676.000000
550  46640.800781    27974.000000   61781.000000
600  56377.800781    45027.000000   73930.000000
650   68837.203125   54498.000000   101677.000000
700  82061.601562    61617.000000   112809.000000
750   94969.796875   56215.000000   126936.000000
800   109079.601562   64520.000000   143616.000000
850   120737.101562   73768.000000   156889.000000
900   136602.093750   81824.000000   174517.000000
900  136602.093750    81824.000000   174517.000000
950  163033.906250    100000.000000   198260.000000
1000 188480.796875     100000.000000   229363.000000
