#S(RANDOM-STATE :STATE #.(MAKE-ARRAY 627 :ELEMENT-TYPE '(UNSIGNED-BYTE 32)
                                     :INITIAL-CONTENTS
                                     '(0 2567483615 624 2147483648 3240653625
                                       1888154378 1693930635 728781304
                                       3910345854 3658700254 1089881810
                                       383186512 2560242335 2649193567
                                       3812519562 2248460258 2294921748
                                       3649576805 1714611816 1150586849
                                       3054709345 468100505 2376478305
                                       2457090774 2652349786 3388015391
                                       1176877360 1355134334 2446358520
                                       4071351501 138944741 475189781
                                       2775830294 4152849699 1835816479
                                       1209338661 278652246 3317602714
                                       3374639834 18330556 3591590506
                                       3083349521 3885637805 994123622
                                       351615560 3139627717 2734305996
                                       2396213520 1951550148 3874945475
                                       629137138 1042184005 258400888 98099066
                                       619192374 2882850127 4079719393
                                       2161736924 2699919973 320902726
                                       1644036373 3229382676 187915474
                                       3106357709 500190606 1204284619
                                       986395617 344251702 328148601 2317136724
                                       1979029873 1414077530 47220887
                                       2544102108 2117526844 280734570
                                       1584479142 587792173 328787598
                                       2930475861 156035281 1140379534 12238546
                                       2888982569 3215462659 2293028983
                                       2428518690 2442431856 3006792498
                                       210973778 6272150 2158242370 488409902
                                       4268676441 4127773068 3493691286
                                       3443004937 4100775961 1713389311
                                       4110473104 2738039434 228095312
                                       4227414737 3919102281 1076823180
                                       1080347236 247867239 2640094062
                                       2475439173 1217644235 3269922960
                                       1115663633 4055374725 3520845819
                                       1590169263 3511462291 1284392543
                                       813193726 4003123864 1171568681
                                       4066390927 1302130571 877422913
                                       3627016650 257025751 3432544631
                                       3520683748 1641906834 998065225
                                       447216522 925298732 98006116 3546711216
                                       83145506 737439302 1013576691 2586863955
                                       383582472 1842399427 146388546
                                       3626246620 3647443993 1915169286
                                       3068479203 3575361600 1841901691
                                       3000098591 3951864092 235070379
                                       2968057981 2569322423 3725992425
                                       1324611334 1000224933 476907240
                                       1242489765 338848686 2795315935
                                       3003878846 1089242183 4051740604
                                       3651414974 350849341 1207548930
                                       764523274 3281139407 601223667 388429935
                                       3082327833 3919460023 2391147197
                                       3045769166 1696882614 3239756472
                                       1058630178 2594159595 3628061377
                                       2873693680 3586743071 509331795
                                       3949815427 3888753029 842253754
                                       1184572576 3023374119 3688264590
                                       3896602185 3642535853 3158708097
                                       4184752394 1188408795 562370030
                                       1601440201 3540484699 3777539225
                                       2466774302 3250904115 2064291786
                                       3851183812 2578167252 282803708
                                       349629079 2708320173 2150134131
                                       2378303684 413352466 3792539594
                                       2231437710 4232534852 664902482
                                       1014724143 2806951361 4085465257
                                       1599204869 4166543760 569469915
                                       3165547040 3056806308 2922057826
                                       978358563 2738980601 1654116974
                                       2771146593 648037269 764626271
                                       4024251650 2794740558 1136652780
                                       3119461950 3331422416 641307801
                                       945864177 1888677555 493398024
                                       1113994503 738316073 1939255896
                                       2381503350 161291034 1320618363
                                       629676927 3451984443 2850044791
                                       3732462523 3899592434 153836464
                                       2621187120 831958217 4258214243
                                       907733721 4063277574 302899928 397952004
                                       1578333207 1575137648 92171296
                                       2217753429 2554266965 1933901778
                                       3980939375 481633779 2801759880
                                       4250696456 4092910004 4211827863
                                       308463567 671791836 2426855436
                                       2389174235 1758412250 4018295280
                                       2832077270 3126113029 2495725260
                                       1807063472 1594921557 1781135556
                                       2273131352 2773759745 4164065382
                                       3070367910 382925755 1808017751
                                       2262349853 3635295596 1929408682
                                       2311996593 3340105547 1977305385
                                       1126368790 3940256582 923265837
                                       3310452950 3182632597 2474274100
                                       3490267466 691468040 4104776469
                                       2168424444 213991477 706571690
                                       2505036028 1454571878 1059178676
                                       3007897626 2486700697 1249729188
                                       3781292660 3206344889 1108767947
                                       2657384826 290694716 3692654758
                                       421719834 3923533543 699029696
                                       1427711886 3652852633 2927757284
                                       3163987410 984880255 4263174427
                                       2602696312 526034049 1771686141
                                       3909238747 1373381049 860598703
                                       819519746 1581284714 2515234516
                                       3633575454 1100775078 3197320645
                                       1105674199 645621892 2778191248
                                       288000612 2468790451 3537151928
                                       3379261267 382041614 3002412094
                                       3754798792 282523062 3861825823
                                       1436502231 3147171360 3717701423
                                       365831667 3712999508 3182921648
                                       1491949892 842854090 3075482435
                                       1948861973 1263013182 2136818806
                                       1469255366 4246201430 2654781851
                                       913024208 3119826292 2795048501
                                       3781634357 3207377257 2857349995
                                       1339319262 3010324564 2520130863
                                       2660794814 376041215 2716289779
                                       1224210777 368352762 3657129576
                                       1215808571 1286088046 2236854191
                                       50211973 2000951477 3613037427 931393715
                                       3558601895 635538607 1537176378
                                       2983045598 1203609900 1884818698
                                       2152385900 3087568793 4205415584
                                       378325023 1070442417 3703923327
                                       1308345011 3771703936 2080618307
                                       1554463244 1657616557 1683931261
                                       624272420 709113630 2712810026
                                       2525827550 2960091575 3412777845
                                       2112325943 2482052848 4181657496
                                       3075159215 1293021960 931937319
                                       4100773524 3726006229 2618953402
                                       2988520571 3248907877 1294243677
                                       55858485 2197205380 3205763995
                                       3147292494 598299863 1378067610
                                       3661271687 3238246651 2905437801
                                       398124670 1970994654 3019683008
                                       174954429 1010491273 2959343772
                                       2336244275 2651789803 4250434911
                                       2929192564 1341849767 3432021104
                                       406663442 3690304320 2036768779
                                       3984170766 3261399328 1485448696
                                       3644557581 1064018817 4269913492
                                       1805853217 3668457568 2228315496
                                       2235024332 3946905923 797322046
                                       3554260073 1078364969 64313633
                                       1213551060 2424380284 2315428603
                                       2004677451 1496766244 2639147474
                                       819180364 658992407 674672664 2862264626
                                       1184925577 3434639982 856614027
                                       2630666269 2689838573 1965828156
                                       3390118198 3211121023 2981518958
                                       1636118254 3866073161 2918002304
                                       1655540621 3315868627 836869884
                                       174207368 2717194931 156583077
                                       1987010777 4143467375 1008375938
                                       1187172969 3473194285 3187673659
                                       873447256 1323957514 1338418364
                                       3679192532 2937312591 347339256
                                       1133587914 1189346824 2117325464
                                       3830251204 1584292554 2962696192
                                       628961565 3407787486 3041592220
                                       770283597 1178846256 3264713813
                                       3544811478 3789344991 3020875127
                                       2541769905 493875878 686611967
                                       4292888185 3800503974 2996777392
                                       1991909052 3718309121 3528323018
                                       1024159890 1225492436 1355323976
                                       3427868387 2922028390 591880973
                                       879602337 165619093 136040601 4148950375
                                       1516973170 1295887441 1924066394
                                       3829327866 265540097 4173983961
                                       4230003251 3003441559 1996749676
                                       2902675707 3533771364 2439922348
                                       2296308499 3601421223 1472402885
                                       1915566976 2985636002 420439438
                                       1645310438 1464048607 1918265303
                                       1385597384 1953881255 1771729682
                                       3023098103 3740923690 2548236112
                                       2500761107 2966139925 2163032799
                                       236004061 402013289 1378993884 911222290
                                       3832973045 1311862741 4146621833
                                       2158489267 3640029743 2026423084
                                       2294786788 324434515 908511274
                                       1294790469 639856433 731647097 541749245
                                       2468939738 3275581247 1399311339
                                       1106987486 4057002743 1442093435
                                       2666699966 4202712068 3673217465
                                       3502734811 1920058325 1717279605
                                       1847853026 3491436648 2738352208
                                       247057097 234634187 1125079298
                                       1194273772 1336891400 4191553445
                                       2738374741 2469819245 866851105
                                       2132692206 3680333349 702260569
                                       4113078471 2629088116 2573178317
                                       623821347 3967136424 3191319450
                                       328645028 1586415489 1093606527
                                       3819512368 127059255 1141871709
                                       472896314 88768766 265043930 773897699
                                       1649277685 3526252923 4097344901
                                       55770026 656288441)))