#S(RANDOM-STATE :STATE #.(MAKE-ARRAY 627 :ELEMENT-TYPE '(UNSIGNED-BYTE 32)
                                     :INITIAL-CONTENTS
                                     '(0 2567483615 624 2147483648 3533166275
                                       2499629652 1605940207 2796392811 9607733
                                       3576475481 1354875751 514032818
                                       3092523940 2007069403 2995001594
                                       4267634369 2986971546 544673835
                                       3449357881 4208662723 2880287616
                                       2447828824 3977679822 1176151457
                                       3958099241 3437018008 2355830613
                                       3842848874 3747443717 3877330348
                                       3733223581 931446517 733640731
                                       3431204049 2518693620 3337252379
                                       186078618 242997261 1793712894 560799044
                                       3663672385 3016276185 1246773452
                                       3236004738 224215399 3217601147
                                       4149199770 689074022 917706797
                                       2283137543 3262803462 3995671539
                                       778200479 3239546028 966377963
                                       3504233883 2199070158 3008004309
                                       4197640695 2940051995 3487706241
                                       3117460790 423234139 3086870744
                                       179715560 716659763 1986165067
                                       2535576604 1064636719 791100583
                                       278390919 816114293 4171534640
                                       1922308361 2656692107 2105537269
                                       3045818704 3392475269 394512074
                                       2309516378 2898697546 2642874958
                                       3279150008 2351716576 2647938257
                                       3099412664 770733911 1581464547
                                       4019320123 2398589472 2433533829
                                       4064626574 76080154 2078327753
                                       4039123495 3396894139 563753218
                                       2798078836 271858125 1708228226
                                       4171449237 1240321074 2051978740
                                       3122278314 1406774892 2681661256
                                       909996354 955644997 2303249099 123686083
                                       1968294385 937540751 1496835439
                                       2243930569 3233687681 2673690777
                                       389430475 1852214796 2611623769
                                       3438621165 1047113212 2462340753
                                       3299410275 1619755287 3154563723
                                       3114542306 4234420047 4282845708
                                       4129246307 2565273925 1140119962
                                       4047551461 2460688995 2612064678
                                       3463831959 4188232865 3002896592
                                       2072491656 2970243703 56202592
                                       2007937100 3197792137 1941392060
                                       1975281512 4271655138 2765352926
                                       1142690903 2788689130 555533511
                                       2241586190 3522102606 1562019731
                                       2239763038 2374038198 1944115562
                                       1772208034 1765655640 4097819157
                                       1839020144 344805187 1369594729
                                       2619107982 229337132 3080934926
                                       3387837803 2829993811 4262906109
                                       2402775307 3963825313 3942285342
                                       1041210794 1809483778 1224911105
                                       3481751510 3099442220 1423529711
                                       4128440377 2835639246 4097874970
                                       2693434750 828240910 1140535262
                                       366186259 32046554 387327738 1954191368
                                       1442663716 3315109160 3255222176
                                       3911912558 1873252684 1807972239
                                       2037232773 433864358 499620450 438695101
                                       644596268 77249092 3856659152 2876311389
                                       95312907 2774786761 1364083462 481605261
                                       1843961610 1447972792 1543780378
                                       1793863739 2324192518 2687620107
                                       1457840923 1991752492 1114269996
                                       1699811442 741550353 3480540070
                                       2849947965 2446101952 2157079781
                                       71040156 1965965314 445189415 469794244
                                       3351929322 882601711 2042917381
                                       3819648343 1798871542 737916411
                                       1729180539 238560155 3918933150
                                       618593274 2654474455 1476215408
                                       1715851653 3300028271 2393455695
                                       1791001713 1254284598 3545851108
                                       3520620574 2926619884 287521626
                                       396636558 3337410853 58564495 3257064389
                                       1487834043 2987624745 891242966
                                       3721861673 1404909277 2399224210
                                       4212032554 2232233995 3891976581
                                       1555513682 1256111320 4137812290
                                       2876079639 3244774260 3401330766
                                       2343999489 133944507 309860648
                                       2108547632 4070039435 893266221
                                       2744458821 2962545223 1390399448
                                       2134917678 1226313009 1719168029
                                       316810338 4067894887 3488879043
                                       1086060610 35980173 1720353207
                                       1734908492 3116328995 1393584290
                                       970359763 2656855777 592882439
                                       2000367735 2147172179 1233240559
                                       2351412425 2064245786 2126924479
                                       1114367280 2588717711 860976990
                                       2036849517 1068635673 3574104586
                                       3262176457 2855042205 2761182888
                                       615674076 3667644560 1037712839
                                       1042105850 2438794124 1488015764
                                       3453486259 155612671 3427742850
                                       1991098890 2212059787 3388648557
                                       1743345371 3856144511 3845222893
                                       2588931163 2639993267 4029995148
                                       4107050953 3221155891 3933546752
                                       1948879490 211059710 992681397
                                       3282981582 460474276 1974719704
                                       932475435 188644295 3783900016
                                       2098365922 2853570122 926609846
                                       823570906 1907433561 476920939
                                       1827649635 3908903279 1851081434
                                       78744162 2661783896 347200619 2281372781
                                       1779474884 4193318447 1464781282
                                       2452869209 2104430786 1338722273
                                       3834471776 3350082554 852942652
                                       1459083429 633047798 272113704 379504310
                                       141294455 1700331785 780844693
                                       1396327616 15024499 1354826673
                                       1407353568 1173931866 1622739177
                                       451625109 2279682972 2473748418
                                       3837098378 874769560 1767540518
                                       3548848519 3879028318 3084838909
                                       337337147 11102071 1296062276 652094856
                                       1187560701 2646172902 3297540317
                                       1436330408 2067881742 2646103522
                                       684452003 1727803011 1804398258
                                       884266739 3267706587 609525854
                                       2650090440 1510199021 1286584204
                                       3378244589 2191500768 2023327833
                                       3286410441 2550955021 3464144294
                                       3432595180 853443573 3022387374
                                       1983752024 2720290171 1236196035
                                       77954991 921984439 1135623248 1414122375
                                       3596065346 3856098729 3528682775
                                       4281453492 3079168931 3581154513
                                       4294596877 1446200759 2015689044
                                       3804431584 1981115066 1256575093
                                       3779717790 1827719874 2587171687
                                       770834848 626277290 1699378429
                                       1840194856 2380632739 2493805764
                                       2767336256 3177718311 540473059
                                       2860081890 1629325431 3282503226
                                       1473524223 705213897 1215904413
                                       1546220824 3097747311 652656229
                                       1802114332 4038827564 814632812
                                       820482733 1873294582 331411971
                                       2063142141 729216248 3768579761
                                       2232098533 30197338 2387305493
                                       2482015672 3983430483 3176811315
                                       3652430122 2197846943 254205949
                                       2292969128 2611416819 2518913089
                                       773753976 3514584967 3926667828
                                       453356503 4242611786 1994832695
                                       1071942045 4165811780 403482071
                                       3513899571 2637391355 2023127189
                                       883887116 626673947 2230715816
                                       2214471007 1441929432 3254429846
                                       3691498265 1894037315 646024864
                                       3861121937 3447706030 3937847917
                                       2745778557 2127085081 2085283500
                                       55860283 2024633314 1578135111 900957846
                                       4112315072 1124987466 814010072
                                       864695773 2141131633 3837254196
                                       232989140 2006920943 2152821211
                                       611034803 3384032415 3880562392
                                       2613954436 1134804321 2548050869
                                       122931048 3007661899 3819126422
                                       425582013 141777866 1910315589
                                       4080330347 2210071219 529826636
                                       308937493 194548573 253632403 3421002482
                                       1808099353 1422023297 4227451418
                                       3450029217 1510368340 2706767238
                                       3797384811 3511356306 3219164805
                                       1513807069 1571738461 2627979240
                                       74418612 659586251 3678204811 2126429945
                                       4066713360 2009799313 3396098870
                                       874032727 3736394832 3046986297
                                       1599951623 88621102 508132620 1915493375
                                       127111086 208639966 3028789195
                                       4235526077 314684277 2538782418
                                       779575475 1669783962 2604807070
                                       1282312078 1249986210 2217967237
                                       264484789 1365758859 4235827077
                                       2947439029 123629139 3654371611
                                       2533874939 1393336059 199572591
                                       2179046915 1452030118 3399077521
                                       4111384168 2636834774 1972092954
                                       982759185 3862282934 2400222886
                                       2786912269 2958226896 263560338
                                       4035053571 1215545120 3925046005
                                       1658373242 1138911825 3029506866
                                       1207163549 879506808 3675672263
                                       721754550 3974966448 223101462
                                       3484235351 3743317041 3604576201
                                       1914278387 2702412242 4095343902
                                       1250682264 3820601115 626785118
                                       4087859223 606225856 2560749603
                                       1392897076 595548698 835646113
                                       2647126663 2927466860 3184398075
                                       1898505045 4174888750 1006686391
                                       2553156779 2207267120 1376560039
                                       3729740693 1099637344 963066764
                                       3430086800 208234092 3869938778
                                       2830768668 1484746765)))