#S(RANDOM-STATE :STATE #.(MAKE-ARRAY 627 :ELEMENT-TYPE '(UNSIGNED-BYTE 32)
                                     :INITIAL-CONTENTS
                                     '(0 2567483615 624 2147483648 368550600
                                       3551916284 1430384493 3766440723
                                       3375117193 2463358152 288430056
                                       890325299 3369324643 3896422605
                                       2265091630 3040674947 3320245419
                                       1370003251 4065625736 611887531
                                       3346458323 1053311185 3893980199
                                       2086051091 677493800 2515742110
                                       1446885136 2218453910 1533245675
                                       279795887 3106693980 2758748352
                                       128632016 4197566240 102202692
                                       2474211338 491831927 1700099606
                                       3039596759 705006177 3119867299
                                       400568651 2504934374 1986080757
                                       593314075 3651499081 2478403132
                                       2440988133 2937016469 1500984722
                                       35781780 3531244311 1706879873
                                       1296951060 4163161327 3219259442
                                       3709945627 906816136 4226472378
                                       1638223863 2718926391 2425509123
                                       681531638 1355897620 2820037268 89991311
                                       3102168505 2972393910 1434834617
                                       831161596 168546358 61416038 2217494703
                                       1327796607 150679206 751213244
                                       4020708803 344144085 1185475000
                                       4212466550 1744064411 298136114
                                       158200377 446317697 3367313826 851506378
                                       2629109402 467710197 1636416919
                                       336324983 1798529551 3959241643
                                       571671100 421770189 1898538977 323615004
                                       1410255480 872041723 1462689485 48918950
                                       239727131 3808599270 3717289459
                                       2812048091 3052110307 136088154
                                       131275333 3759181534 375977262
                                       3299564954 154098852 259985258
                                       1913712161 877559408 1968089268
                                       1203445792 2849304140 2449893965
                                       2240795026 2611196064 4064972054
                                       623267568 3772828713 1113993935
                                       2487028530 3484941520 1664997095
                                       1789871468 2148971174 2789880123
                                       1781469165 4081575325 3301935116
                                       3439169215 2287517564 595636609
                                       3251319511 1204701795 4204753669
                                       2460740924 3632165349 415430193 33881676
                                       2583983950 3835070115 2032665511
                                       4183259769 3804736607 265905038
                                       1109055994 3925213065 3215081022
                                       3432255397 2836062178 1051686462
                                       972740825 175231217 1926976585
                                       2568790860 2622030642 2717785531
                                       1175061827 1997043728 892358963
                                       1526024882 3879585679 1127414788
                                       2717633131 2430183869 2851657125
                                       3540393402 81583954 738823834 1221246409
                                       3189495137 1519125597 2687114218
                                       810679593 1849487261 1356763250
                                       472389500 375328237 3394130157
                                       3681224892 3180460179 2021120833
                                       1869459936 3667015123 3164531821
                                       820917901 3736271386 3298863296
                                       1175635350 2903465400 2662225220
                                       3673750492 2007719140 238797171
                                       2626999757 3703461330 3881660505
                                       963635468 1164795130 828124827 137835734
                                       2366812353 16213244 1200195169
                                       1594789486 1317076714 3040901434
                                       634822591 3092669889 2072466423
                                       1968215673 4055385084 3353082629
                                       3557119198 17940362 1782448528
                                       2824959332 2473012808 2712218595
                                       3928882431 599205325 2169137991
                                       929865019 746614993 2283344572 166865698
                                       3157747738 3353303847 1302692136
                                       105254456 3713913230 3043398012
                                       3368372484 347034026 3085664183
                                       2033735385 452387662 895142732
                                       4055525879 2176463026 3332408100
                                       2551911410 828085619 2559588277
                                       1730060335 472448511 3225405587
                                       2223155814 141148916 3621137377
                                       3830695645 3155925135 1229033191
                                       3065755116 3329681086 2570232007
                                       2903049489 1663795077 1836327899
                                       2497833788 2566855993 3467441068
                                       1442332640 2277644327 798007441
                                       1922067290 2137726318 583788853
                                       937606395 1040015993 1353025757
                                       2535655749 3669729992 2446217670
                                       283998925 3525283872 365715707
                                       1687654544 1440579513 4215336831
                                       1674849099 2208571987 1119014194
                                       3639128894 728006627 2734064476
                                       522572803 1653062551 2114148895
                                       2290145168 2484539017 1762392134
                                       487662782 537821978 3678095652
                                       3347292438 4016145229 1303182767
                                       2490262737 3318843239 1460447531
                                       542419102 3544415520 2135670195
                                       3805923882 1755739926 3746991259
                                       716914352 1989161382 1291887515
                                       3908955551 372207910 1374562768
                                       1264835801 1158790248 1289080799
                                       1418839980 1432915395 1913707542
                                       3568924615 4112984840 1703694403
                                       3487638358 2534126657 3480879318
                                       1335289197 3660482040 1801915863
                                       396001153 2381507956 2196073542
                                       3442716605 2786245113 2646175830
                                       1645810017 466800370 3054853363
                                       399931662 1564398194 2875995747
                                       2644565050 197986178 1256411502
                                       941588942 1096079252 1641871662
                                       4257480950 513538561 393275081
                                       4196960189 785707824 269465580
                                       3182749422 2740626609 3585288542
                                       3125905992 3966249097 1221954226
                                       1130285834 2710694578 627795206
                                       2265213692 856218982 1768175394
                                       2680321631 1794956192 1393510393
                                       4168416982 3428480948 3169433517
                                       3212757660 3070425276 2398266357
                                       2419488942 1233511348 263113604
                                       2569667305 219223057 2747143991
                                       4273038189 885123593 1519170342
                                       1079094754 3511876307 1733996521
                                       1783422378 3161196169 4154076672
                                       2156535805 785137827 1643568771
                                       4099676884 3797107488 3287676856
                                       2680493428 2536243697 3168830568
                                       2645614220 3517809292 2902758951
                                       1560378675 2108188614 798331903
                                       4001233829 2451712802 899155248
                                       2657510842 2021886838 3432722744
                                       2556808343 1827437457 1294747332
                                       1181727480 2566811370 854377830
                                       1435054971 545656322 2281639861
                                       3893462823 2428290390 3014708652
                                       3321267645 2460299007 1915279401
                                       2301894425 2324932495 2406245677
                                       1516385097 2722722899 1306467756
                                       3996653771 1915747690 746360164
                                       1471807278 2926828599 1432487651
                                       236344757 2320313497 1123855595
                                       3735084557 3813969808 3530946609
                                       109644882 1289104664 3277130133
                                       2315850364 4125143639 2523820874
                                       157322484 2983753520 1301741315
                                       4194607586 4081741790 1910031300
                                       740406623 463963249 3225723259
                                       1524771978 3099218902 1683999196
                                       1352075670 2422455324 3552359203
                                       1633605416 181754935 229498486
                                       2037375481 4026696094 1276714257
                                       2728781039 1547653055 2984885154
                                       1612437969 3707320119 658365161
                                       582154435 3454556448 999220135
                                       4061266093 2186134197 4171553891
                                       2982036489 2338688467 2733284603
                                       4057283290 561897994 835649733
                                       2221390892 1705574042 2835220946
                                       1956898344 384113520 2261025420
                                       606543763 1629360052 916856562
                                       1324864765 2740644963 1384123157
                                       1288719611 3634025744 2344489171
                                       1347137568 310336086 1886164176
                                       3401285559 827308430 2031161325
                                       3756308252 902997546 922441388
                                       4189569306 3341824501 1949059113
                                       2100288354 121138539 848417158 543944712
                                       4220590423 2863942045 1983679210
                                       670804124 2614740543 977193700
                                       3321840260 209861014 3908369318
                                       2108882078 654715046 644783220
                                       4154106006 3817993870 2331821853
                                       3766157309 2192342077 3033272603
                                       304670929 2860592478 2055098301
                                       1287376444 3054167920 72242001
                                       1020745557 1365886044 3325004975
                                       3727390850 2072419601 3461075111
                                       914402563 4180692725 2009059706
                                       2124018766 2779579297 2527303209
                                       780281094 3404469375 436914133
                                       3674457159 2240761797 681413326
                                       858831637 2276278655 715526049
                                       4261918433 46318013 1061434937
                                       3309768294 1425868189 1842545762
                                       2825745030 791951782 3631487190
                                       2386535935 784980415 3659525212
                                       2210244290 233371736 2542684869
                                       3861233817 992450502 2151776929
                                       4024011684 600671949 148751684
                                       3206486712 3913906262 1423266746
                                       3163455055 700203332 1116331090
                                       2137064429 2181520882 178696589
                                       3253387013 3917882586 409183273
                                       3161766079 395589753 2064636785
                                       1748045359 786416049 1843388524
                                       2774487236 2376239612 543742129
                                       2209212966 2228588956 2942220701
                                       2323294305 363624617 3284095369
                                       3379426803 260022484 1700332491
                                       2357932866 1722666585 2876092353
                                       1501770462 3916476204 2654727902
                                       3013638293 932009605 2267350219)))