#S(RANDOM-STATE :STATE #.(MAKE-ARRAY 627 :ELEMENT-TYPE '(UNSIGNED-BYTE 32)
                                     :INITIAL-CONTENTS
                                     '(0 2567483615 624 2147483648 2889710977
                                       416999601 4051038737 1124700763
                                       829641764 126291891 30017556 2785519251
                                       902030306 2080143870 523169148
                                       1638924475 850385378 1122436550
                                       2313026014 2370477496 4144451327
                                       1141195436 3470060433 3851471060
                                       697283978 3571716037 3725201509
                                       3833121519 3291449816 3436647471
                                       2562202007 1782498900 2775160680
                                       3345169176 3509453749 3435176196
                                       242488154 1089687342 4278236313
                                       1180572686 3022257399 2838007506
                                       781982150 178932373 3496313715
                                       2088758824 303454330 1812762395
                                       727484846 2468883310 2812492069
                                       2178529350 2824124358 2566008451
                                       836295068 3313982041 1607381908
                                       3317829706 2479083117 3563965144
                                       1179517194 3536481469 1517468940
                                       1202726458 4198813784 1150579721
                                       1398146473 2173627593 1794989060
                                       2336271028 2563044543 1422621403
                                       520152042 1551067529 162940921
                                       1993996621 3311325464 1599821123
                                       2022237243 100219749 49743093 1427368776
                                       391907695 2870360980 2700028257
                                       2423428610 2901382338 3289952215
                                       325104559 2844317442 3526641816
                                       2559694946 3741791427 3549156496
                                       3713306289 3222080151 1549878173
                                       1867443987 3552024293 519417265
                                       1937379678 3162899195 1087599127
                                       4132318355 2737522345 4257079060
                                       1198634462 3690232883 267258205
                                       2677083499 1400820784 1712352258
                                       3219558019 974295038 590411485
                                       3502648943 1878112363 1913742928
                                       1201507510 3878064657 2140911311
                                       1308053469 3323225916 2695431516
                                       2263829874 2438471048 429452739
                                       753012011 2901728585 2482726372
                                       3366218289 2261032456 2707725103
                                       77685700 1046925107 745684355 2695594516
                                       1328777186 1967684554 3946526573
                                       1701190018 3636262544 1876126301
                                       4246346959 2635009718 229094637
                                       3410764250 3231477657 720233823
                                       2177364047 2976771607 762006766
                                       3756944757 497020834 4082467566
                                       2922718524 2905153733 2867198047
                                       3425542391 2275939868 774430061
                                       2388957454 4107020225 1509330134
                                       3047771994 2617200621 969676799
                                       684433301 746384823 1770668395
                                       3168647566 3331314731 4158850938
                                       2347002548 2751329278 4030455731
                                       2346041196 360637636 2091230765
                                       3365892229 1962947193 3961747491
                                       4188236670 1629857349 2526260062
                                       1937813175 2976871416 3766492618
                                       3198642876 421222530 3715510801
                                       3898395222 3125958856 3215161450
                                       1774279515 3125035938 306507764
                                       2233648920 764679082 716849975
                                       3263798018 4209017262 381826070
                                       1887669575 2857868694 2476902057
                                       538372910 1184713981 1284533653
                                       3811009889 4279984139 308232676
                                       1942322427 4088009573 3370297737
                                       289083373 3667564400 1251805731
                                       4058212402 2539766542 1823651218
                                       1827678257 1529977221 3225476742
                                       3363616209 2119047867 2599758654
                                       497217897 215603880 625082500 994666165
                                       2109674727 864528507 3182017957
                                       3463891049 446019019 3889975901
                                       2200497460 3271527689 3342486361
                                       3116483026 2173359682 2255874361
                                       3834877921 2731123820 2197876372
                                       879339875 1845209602 2348312034
                                       530761256 3342250312 135300181
                                       3538029909 3434188045 3671130711
                                       1531495453 3615469897 601026407
                                       3824305492 3902466164 1580476576
                                       1791521133 3539191635 46305392
                                       2189897596 2961385992 2621229247
                                       1162966673 2263001364 1965730896
                                       3802094570 2056062555 2499098512
                                       2593276885 2544607055 2386573572
                                       3987081531 86796777 3906743880
                                       2232916770 3214486504 2634642174
                                       2144550509 383775394 2512165694
                                       2609784998 2177659055 4016514166
                                       4107726703 3102468076 1474555641
                                       2540747557 897796338 3325726291
                                       1124023051 3645376328 2433077869
                                       955277323 1891520054 2175177169
                                       2789247431 659026221 1241119209
                                       3881099806 329956597 1796639878
                                       4145361694 3481200306 2508634751
                                       1051698735 1492932003 783401376
                                       3308499195 4293204570 3936836308
                                       1343875379 2592866771 826277931
                                       2731769933 328749656 3561733498
                                       2064188612 1754011045 4077315525
                                       1592507365 3100989530 2757398193
                                       4291403630 2773948273 154136314
                                       4294227686 3570021463 340874079
                                       2287520568 409869708 1740942529
                                       317130244 1699673587 580622788
                                       4280011546 880004948 645265645
                                       4263346641 85029727 844933171 2831597212
                                       2378325465 2481914503 4158347489
                                       1979070549 996593423 132409119
                                       2320520999 3920798917 365946877
                                       3901757221 1472111704 615476610
                                       1890422962 3568958908 1002081290
                                       3156040938 3114651847 2575404532
                                       3435915670 2128675735 3220518633
                                       3816206823 3723163168 2243482032
                                       232121914 797389288 1218428153 215557037
                                       1048822387 3415868696 651686384
                                       1475769865 2705128826 3914799388
                                       4080248200 3208139763 3187202352
                                       34468062 4202976241 3054902989
                                       3083316835 4076486865 1886736585
                                       2389344491 1596596409 2678770014
                                       836609196 1133858859 4104451651
                                       1101737723 3914991199 3937608179
                                       2083941154 2972166703 2535487712
                                       2414027907 823015240 2166367514
                                       365587122 435257802 3160913014
                                       1772406718 348902022 3130148289
                                       338522089 2666650064 773877395 636191811
                                       3897214004 3298271955 3734119955
                                       4038547182 2293169663 1164767043
                                       3477714148 2394771926 3040071975
                                       2970267724 4020522724 4223607381
                                       2569246086 3102250719 940259729
                                       3563048028 2095180498 284994583
                                       359391777 2195068442 40841060 653484193
                                       1041288024 4288392727 1825175362
                                       565390494 2121802846 2252536518
                                       2199910374 483848309 2316640659
                                       1262994089 4279436757 1809481398
                                       3347273191 453917815 3544520868
                                       1723956247 2711428939 4022735647
                                       1098157929 365647774 1478952337
                                       656688454 1338841798 3540780333
                                       3909113057 2709553238 2382283033
                                       3993853032 3519894292 1717198539
                                       3467137960 1956088386 3364847856
                                       1093520756 4233476056 2612007319
                                       3503429796 2567844436 2099076081
                                       2570732230 276369398 293560462
                                       3858784334 670647415 1274730347 49272391
                                       323374591 1303934583 1388217777
                                       4019585424 196481652 518486265 824680403
                                       1650850824 2262898090 3148852253
                                       418368126 3050244058 101225912 831013393
                                       2416663538 3038296910 4134471266
                                       3541920906 3735120126 3923922779
                                       1562412412 1106289414 777365685
                                       3459104158 1257028948 1552302456
                                       693863100 917224630 4197235572 202210178
                                       559860771 2086070414 2615509534
                                       485783447 2588544647 3172582513
                                       2643910725 3510249311 3336357400
                                       4128290597 3760304995 2100017494
                                       3198941391 2783188391 3198400311
                                       108180075 1239351835 3277267246
                                       3093788570 232676653 3423818230
                                       415925134 3896264869 2084321592
                                       706837771 677298088 4088805587 986591181
                                       3556792122 3334294001 3409926178
                                       2452156397 878728416 903652825
                                       2518021801 1239245675 1818478067
                                       3402236437 1174043349 674696657
                                       3822498804 4280626569 2412156401
                                       273718711 3957290135 3205010565
                                       574236184 3255210926 2745005821
                                       3953598280 934321319 2065235126
                                       3471731691 620217204 223542817 301391477
                                       1681783562 3443012324 2728095181
                                       1903908272 1590986112 802340681
                                       3508129091 4040634119 2302483886
                                       1516878305 101795967 90861672 2617756128
                                       137497677 1088753849 4246082388
                                       572366422 1468577891 4011776631
                                       1235636422 2423630079 2676385240
                                       3074621884 915084718 564358614
                                       2316835534 2183307734 4144634274
                                       3540350529 2972385952 2764723413
                                       3682844260 2481291360 1848762076
                                       139944413 2899678147 1433959328
                                       3795416653 1530102247 1740807400
                                       3973454261 3981183565 437051991
                                       539267134 1527404984 43501143 898914155
                                       3872696505 2924678546 415243357
                                       3212877263 3516422611 754248178
                                       725770533 1237997910 3444430523
                                       1186615166 3463290066 2157192652)))