#S(RANDOM-STATE :STATE #.(MAKE-ARRAY 627 :ELEMENT-TYPE '(UNSIGNED-BYTE 32)
                                     :INITIAL-CONTENTS
                                     '(0 2567483615 624 2147483648 689903857
                                       579417237 907920453 2400949367
                                       3781946331 2445295254 3119429529
                                       1430277582 1623153352 2554046286
                                       777207263 3106232074 3631644505
                                       3013888364 760951986 4178610018
                                       4103014428 1162128200 1680464139
                                       3909500191 3536789743 2086619834
                                       2701894555 62485231 186700211 3779479106
                                       481997555 2927715464 2652233263
                                       2115177915 1928147998 3269374456
                                       39605896 1063014792 1384189248
                                       1684805101 238550987 2923087553
                                       510685651 1960651504 4158740781
                                       3946634284 842935773 1126688688
                                       3149068591 1733749048 279143156
                                       1880776618 1042021777 2715738084
                                       2575729725 2485392773 1053272127
                                       2325358497 1274745598 4281085380
                                       1155313079 1175040208 1209114456
                                       1999688586 2409259108 792444768
                                       3255412198 2155852222 1918295614
                                       1610147272 1150246170 948350689
                                       2247921750 2026602405 96873600
                                       2380235492 1800346900 405135735
                                       629579219 1826274662 3376344504
                                       2437737004 3488229494 985505639
                                       1080923531 1063440285 181075939
                                       413098353 2793377987 817622797 979198187
                                       3213160265 1285350637 2758567938
                                       4257357426 355960644 991727995
                                       3493766725 856563375 539217591
                                       2334539137 4135620530 1408914542
                                       2408203280 3591971681 2499681288
                                       1392146696 831373106 3964071373
                                       1458984735 2462530473 3123335191
                                       200174679 2066066464 4183592248
                                       832410095 1004722662 2050020606
                                       3535605421 2563163801 181705696
                                       3283089989 1278727575 300956659 53577221
                                       2949192897 2649771058 1902352792
                                       4246637323 1019533479 1715919785
                                       737793027 2961062861 712785088 883218834
                                       860131087 646597243 2240405154
                                       3098650740 2516768599 2141415893
                                       1842041285 1148224195 4104742717
                                       3310992647 619119262 2752223017
                                       751086173 2062723056 3533053648
                                       3492447979 2636809828 4018791769
                                       4186663390 380345119 3246252977
                                       2839056980 1040941273 341608259 7671532
                                       698536445 3410692200 318294863 49281844
                                       1945727792 1960347510 1948192350
                                       3585593975 494434561 2730856607
                                       273324406 1996502334 235316993
                                       3196135494 3353351878 2450331102
                                       3875972576 542294473 1361154818
                                       3113528059 3863370450 801609797
                                       144955044 2518624417 3084166655
                                       2688702418 3265756248 330095679
                                       1185946322 3408210620 974754779
                                       2504881099 1444540974 2545792945
                                       3267315910 717103187 4069646842
                                       588695988 1720639613 980344185 599509056
                                       589373872 1579252214 1125693512
                                       366010906 2071248479 4046584643
                                       3971423047 198125972 2669123152
                                       2537639824 2750876631 3336306875
                                       147544101 1243366796 897227994
                                       2846909355 799597013 1617045418
                                       3261318829 2051844531 2367635269
                                       1840917064 1334804181 1983785303
                                       2228101817 1922600252 610437531
                                       2266491120 2881096415 1999807285
                                       1851171961 2029338635 4002247240
                                       1325355741 1122609623 3295371597
                                       2726924449 1189534024 521489227
                                       994411740 2787920050 3781072218
                                       4291490140 1072085884 3089631538
                                       3276019077 3323748141 1473976643
                                       3674308213 304658407 82405227 4079111836
                                       2362399582 2040064659 957931000
                                       1481717303 4186770333 3101355485
                                       2165080371 2235216612 3607933373
                                       1494427261 2444892219 3624597947
                                       1105015644 1514734392 1094068151
                                       768120238 437114404 2930633672
                                       3654408601 4053864426 3091839473
                                       1741585030 2222229408 1794851323
                                       2277682715 775094664 209390792
                                       1881787820 4075280849 3346430043
                                       4148690555 705180461 585660238 367473692
                                       4202754903 1526748096 645518315
                                       3094346077 4142470152 227403743
                                       3365792726 1265994558 1224116693
                                       764035498 1071398771 2114654969
                                       3791921201 2172499954 766128130
                                       3320723318 3686806132 1841488210
                                       2804799351 3227433896 4264346040
                                       521328865 3992549371 287227013
                                       2181053198 1283420477 4196993611
                                       393107082 3276986084 2850749446
                                       826312181 2847094445 2571572133
                                       2205004175 1197778191 2102425327
                                       239980842 3257335692 593742141
                                       2832453894 1905526078 3309668923
                                       3362068263 3611033316 2794377320
                                       308602603 2711662454 283672355
                                       2963954689 3542637039 2648502453
                                       3795542333 1582045081 3930956802
                                       2289442540 2035408019 3267280659
                                       3428291795 2597586521 4108074390
                                       3410544912 3204537038 477855703
                                       166618611 2158448089 3356295876
                                       1652975724 3418913080 1140626090
                                       4155315492 3526556425 2109161950
                                       3512258532 2601320746 405627555
                                       3069148166 2555385063 2942711733
                                       498046192 3539107590 305108169
                                       2358597863 1735782588 1227851723
                                       651291863 2765552581 42067798 178288912
                                       279754198 3932075031 2139430629
                                       3079135852 2120651290 1987522895
                                       1981320268 2003200481 2942213487
                                       1656217289 2875378051 1549399445
                                       181405482 4149113350 2832566102
                                       1994182314 611199566 4183109328
                                       3112590001 3947045740 2479097915
                                       4125118505 651493271 4111389927
                                       2810739490 1123521093 2689214884
                                       451976175 273995167 3633884576
                                       2577367107 3280125554 4168847767
                                       4266959534 4023093554 3299730036
                                       3550001263 3222131800 3506932326
                                       1149871994 1838112822 3224223649
                                       2346208207 2603756745 2923778678
                                       2219287109 774073365 1554879159
                                       534802722 2702270415 2264056056
                                       3613577455 2811692343 3348486808
                                       2255007850 1114543225 4026720099
                                       1476058192 2983289998 3048218627
                                       1548177092 3113033563 2175908297
                                       2928623238 2346805041 3266132290
                                       2663956249 2211741099 4261051856
                                       2834613648 1976369086 1835957897
                                       100973497 2854829409 263959224
                                       4137098985 1144641300 4019009218
                                       2645650048 2160588591 3172806624
                                       4133156180 2049276267 711727422
                                       333269563 3344140628 994708806
                                       3957874301 3393024998 3451422000
                                       1967371499 2959722351 1978240333
                                       1977240720 101135560 3606780329
                                       3691498870 3845626642 2455790949
                                       2846757392 1963615300 3462371521
                                       2593296741 195076936 3327756522
                                       3587422912 858164235 850293520
                                       2357608564 1226179851 2038257341
                                       1188990016 172288483 3824785541
                                       1100231359 356040833 894280735 531332399
                                       4164794559 3487893043 3963300295
                                       2045921712 2429229066 715131852
                                       2230725769 3853780202 3617210526
                                       1372012876 29716990 2025858848 431098934
                                       863265214 2432486448 1987983162
                                       1203644868 1488199086 4195249989
                                       990966601 3440224938 2883517187
                                       1726365968 2230644443 380101978
                                       1144451198 346154889 515755493 975665632
                                       4160453954 3960060089 3945733702
                                       3402638723 2040285477 667155175
                                       1464266797 1047469850 2574003273
                                       750930634 1750515625 3707350710
                                       2216739761 2112608931 2812778744
                                       974319338 702516388 2162201955
                                       1204960640 3979315527 3074248060
                                       2859699984 2996648523 1016043737
                                       643531330 3775264396 1556934941
                                       2818211911 1845053602 3138994732
                                       2545189551 2133132655 3462538058
                                       3030426029 2803210780 2740130727
                                       1302632603 3805450034 2581186983
                                       2542704818 3560912708 351213311
                                       3362530224 2599685836 4143601728
                                       1535724568 3438523068 1714632052
                                       2922068285 2300727609 2107157978
                                       503216845 594617765 2593441533
                                       1179829603 3443109645 302294726
                                       2440609477 3427942970 1099889411
                                       3842771978 2210211649 1590450958
                                       1077765330 781929379 2878770757 59145997
                                       2790205244 2216942089 3495993776
                                       485177236 194820007 3756798990
                                       3448482853 4034532406 1736785613
                                       244586115 1113499227 1038366333
                                       2149963187 3487579208 4017209281
                                       1981861769 2479635595 3601472443
                                       4125619451 1712248514 1817999688
                                       4180160386 3603219182 4080113582
                                       4146866163 282058101 943613043
                                       3548348842 14717054 999076552 681365648
                                       1211943692 756990621 995802750
                                       3985434323 694166771 1096119652
                                       117194111)))