#S(RANDOM-STATE :STATE #.(MAKE-ARRAY 627 :ELEMENT-TYPE '(UNSIGNED-BYTE 32)
                                     :INITIAL-CONTENTS
                                     '(0 2567483615 624 2147483648 2179996801
                                       3337733708 3665770666 2449143452
                                       2696671328 2297420459 1547013969
                                       4031529159 553587387 2459932566
                                       3288772002 2635575235 2803521463
                                       3557802291 2729577599 572776462
                                       1207716267 3030150903 1318238884
                                       1116411918 3575399665 2834650253
                                       2269614913 2294083712 1239407027
                                       1610951869 4082939416 1855644009
                                       3058958184 3650148024 413758681
                                       1998584849 609181291 1221690990
                                       2177492016 3982233386 2296657177
                                       1849843651 2238050914 3135034308
                                       2501062117 1558733492 4043088894
                                       936117734 3263379832 1592568457
                                       2331844595 551335088 2567892538
                                       1214463260 3389099131 2534017058
                                       3598168811 1590758457 3916710779
                                       1781483659 3218106581 150298191
                                       1295678350 640840861 482868177
                                       1610381491 3883764076 800563593
                                       2893535976 3611916085 2488793577
                                       4076676635 1815400355 441846098
                                       1161221594 4172259361 2546278459
                                       329962571 1335216695 3604343321
                                       4198618854 723385755 1487614890
                                       1644181345 520728174 2086189977
                                       4259113260 1460006871 241636410
                                       592754226 1949757309 1635517713
                                       1169987035 4254449034 2825474776
                                       1892556791 2088489444 2056482419
                                       2913513011 3247513686 3819573243
                                       1752369166 2398814835 906935454
                                       1136102707 1155105571 2574253525
                                       2055513429 1638436031 3400261190
                                       780867064 4067430024 2965557297
                                       3793879342 419261568 2086276435
                                       4009875458 2664414302 4091524909
                                       3798716902 2603701214 2212115989
                                       3198298830 4061687510 4196120352
                                       2597584643 3950524026 3974098621
                                       2785606061 4159457777 1738894977
                                       632145847 1357628130 2707177034
                                       934657039 1084716839 3857072313
                                       3792979070 3235799437 241965883
                                       1894579736 3593492959 3670036364
                                       2607901937 4247476299 1433203528
                                       3888012090 2398734232 2976352765
                                       1329755714 751927595 55755034 3123406875
                                       3351623504 928994142 2399327786
                                       1923764114 345468685 3636941784
                                       3670359977 1454593708 1961525087
                                       309215520 4243356723 2334158681
                                       1611500503 3515232622 1366452561
                                       3496387178 1246287234 1799619364
                                       2723168318 3691327011 114983851
                                       2234080855 2011522596 1854275329
                                       3264041080 1237039955 858148180
                                       1163355616 2101702632 1575925119
                                       773882503 3040242869 2202497797
                                       2045125214 6037396 2979209143 3339205716
                                       1540978087 3408838447 1434190072
                                       680025980 290722418 981837742 3914913988
                                       831619464 1364335778 2078570697
                                       3373406165 1381290381 273091194
                                       1398931019 2267035033 4147389002
                                       3119154547 2394069880 2571656023
                                       1008168424 1709230039 4150164645
                                       986977515 1257921883 2165371869
                                       1657212942 753269311 2265269844
                                       3747031136 3921280519 1264779860
                                       1230855227 4212883273 2092542495
                                       1163243234 459834814 4052374503
                                       1073749507 1017937042 3168123570
                                       2291514826 4247106221 458517540
                                       3979135954 3803281448 2065065646
                                       994751618 102068523 1770385207
                                       1882856906 2081379986 459247373
                                       4216315074 4291896746 56890131
                                       3863462141 3855611020 72626219 652537547
                                       434946532 522135992 1176109393
                                       1482843649 3654832594 2178799443
                                       402203373 19072069 1610687107 2852470395
                                       3196328849 3708391455 2684675775
                                       2380159681 2688489186 112434822
                                       3104978472 3929564436 3255218924
                                       764413612 2539161402 126052146
                                       1849275570 2369338649 3890796428
                                       1575267227 1232896981 2025432708
                                       384707730 367806385 818628645 2229597852
                                       465654055 2575398278 3969977335
                                       839090262 758011896 3966008322
                                       1488853577 4065912366 1148005113
                                       2100312451 1357931910 319112023
                                       3529062542 3233634503 1200626088
                                       71920373 3230641763 1289162626
                                       2479118209 1552720256 285391597
                                       3687615880 3602374607 1656399892
                                       230187207 3359738984 470989284
                                       3736945762 3854900791 1780912542
                                       1614027717 2107159070 683235035
                                       2299744662 4173842968 1971323719
                                       699671209 294843381 3999650127
                                       2449783698 2393734027 3320765135
                                       1006288948 3803861073 3779032392
                                       1973100962 3824730694 3782483759
                                       1243789500 309442267 4176880938
                                       1181615448 1370699114 3470100467
                                       2657649586 335740001 2726655865
                                       4155239443 3986997734 1564258939
                                       657266176 1680678635 4020283092
                                       165479568 586680798 1775786866
                                       2458758073 1916029404 389963443
                                       1336404340 3400259888 1358499422
                                       416279623 2133633280 1725493024
                                       1127753784 3308294577 209656517
                                       1595209019 2890074018 3764043458
                                       2374386464 2230603718 1451418384
                                       4151568132 287639895 4153488517
                                       3630409299 441585682 3665808529
                                       3004017890 417264582 992983881 392851208
                                       2410850898 2246188667 4162976461
                                       3937508799 2915681062 4088308654
                                       3584556558 2495720705 2495208317
                                       1902122143 2260124333 3432186664
                                       2136860481 3545445524 3450971798
                                       488053748 4140058519 4180648996
                                       2816306677 1571140244 3102666732
                                       2691143797 4130808691 312507677
                                       429844308 3894077813 818732446 292629953
                                       1416147106 2450056044 1486622289
                                       3101242149 757189835 3895734231
                                       3832455280 3168311690 1239724256
                                       1288147222 3042857130 2497511781
                                       672473850 2172636588 2277925233
                                       2215436011 695896997 4136208906
                                       2445688178 1805172778 4239459022
                                       2974921898 2107866522 1221243158
                                       1634182848 3739262157 2557513280
                                       130839795 158198430 3530223205
                                       3888925165 1955600282 162579694
                                       2936337429 1876516194 2710634144
                                       462376236 674892540 4089748915 443017724
                                       3141085974 1808751727 4283964226
                                       2740449749 1543758489 1076871336
                                       109569110 4245102348 1488010592
                                       4194688069 3413704773 1968378118
                                       1988102760 3800717738 3190638100
                                       1132240338 958594745 2995475273 86324242
                                       3058453600 3797831918 2973922518
                                       1627660637 3542486144 2524522837
                                       2359020259 2290107826 625066734
                                       3378832253 2874395016 1723873437
                                       2929734978 1353621479 2983652836
                                       2141777703 195081642 3344801266
                                       702959051 2868326821 2814394615
                                       651934598 2060528081 2811360625
                                       1521773840 2561730866 2637007767
                                       2012369023 2341884741 2751893948
                                       3937053145 474050930 2344382894
                                       741593006 4037324674 1291793446
                                       447916227 3804474193 41671477 3667363475
                                       506248798 3568670525 3010852050
                                       3367825970 2443050840 1128439931
                                       1458527744 570954867 3003840670
                                       1855826194 207974021 3560792907
                                       782064160 2186310912 254937617
                                       2826087873 2973692367 3742963883
                                       3583756028 2408842363 2298526315
                                       785694647 1464659520 2586934430
                                       241250607 869016204 987935296 980139917
                                       975585715 2799018220 1762895144
                                       3069779482 4278159844 2916805004
                                       2670104133 1979393060 1225010266
                                       289621521 3787799939 323157816
                                       1335298386 2368122967 1299196713
                                       356674943 401690023 3700717017
                                       1019685205 1300463425 3048496177
                                       3279724369 3645082882 957630116
                                       3899799470 2141810839 403444417
                                       104290834 164433945 335346499 1404563007
                                       1912698373 2597877160 884082199
                                       441743355 3836409675 3765281941
                                       3661815934 1473012678 1563277190
                                       404129179 2492022680 2906496273
                                       2209957471 1392787249 58534057 724175004
                                       1676029645 603415579 238670506
                                       1554604658 3980640691 4258874381
                                       3988071278 209793991 4128578662
                                       1412537641 2563887713 2329499667
                                       2501642256 3737222213 2771210177
                                       412487576 404365035 1725149400
                                       2424654239 1725400326 237012181
                                       3664820518 3887334526 817511550
                                       3858468564 703463315 372428077 268463479
                                       2999063964 592697826 3444574185
                                       2874068287 833714684 1707899555
                                       2137164643 3879213632 1952657369
                                       1189796811 4020762246 2879672149
                                       1043230277 655198571 1872518768
                                       525468792 1949979521 2570070796
                                       2723964779 2003991592 3080763513
                                       2615775462)))