#S(RANDOM-STATE :STATE #.(MAKE-ARRAY 627 :ELEMENT-TYPE '(UNSIGNED-BYTE 32)
                                     :INITIAL-CONTENTS
                                     '(0 2567483615 624 2147483648 3581880246
                                       438043056 3312336848 2617515997
                                       3052587153 4111805536 1916622787
                                       2487897764 1740153674 2735127832
                                       3018246473 3396134813 1675849403
                                       4113786020 2254609014 2448180173
                                       68183413 3915527661 3921055739 878549641
                                       733835314 700391528 2669549430
                                       4129892239 1497795191 4215546341
                                       2293290973 2317628191 2259118797
                                       42411094 2251016052 1462080007
                                       1425852506 3132188703 3443424312
                                       1649920627 2639893561 3227142632
                                       972448101 2971409685 72080741 2821318291
                                       1341998535 1701922186 1934873346
                                       164542239 3108130076 2506936796
                                       422925103 1541491462 3769375730
                                       3785755534 1935201531 2693135315
                                       3861718315 1559355758 1782404741
                                       2118798541 3570128579 960352673
                                       770329090 1992832528 3569546003
                                       988827754 990301067 2947052204
                                       4027608114 648317159 563772105
                                       1219733844 447614394 965380896
                                       1763296389 1347623865 1527120939
                                       3936971040 606779206 3621226335
                                       2381519492 1057476926 3188852963
                                       3418034839 598138904 512054018
                                       4003008327 4260831107 833288795
                                       159641654 2438681258 1113243195
                                       3555888747 328671856 74096381 1525087738
                                       966960057 568125530 1286282394 578467010
                                       2119801615 2223947685 3527520793
                                       1661043000 3387661576 670485521
                                       394954381 3881804573 4055797555
                                       1515658380 1537872757 2488003691
                                       2056148878 1005053333 2058796456
                                       642583698 1061155308 2031338493
                                       1369394541 1550717378 294895193 62302932
                                       707861120 3820311282 485147249
                                       2901245258 2673769041 3703843267
                                       2032284745 3473083551 1433662595
                                       403547723 2709071894 3204350896
                                       1577120844 3854337030 1049730324
                                       3113472458 131928065 2268146048
                                       3170728715 1274154387 3395549712
                                       4241877418 3216980319 2236794719
                                       3695117375 1700755838 3252749586
                                       2804061891 2254360428 3143700890
                                       841862717 967710948 1948334128
                                       1178171307 2459682164 597109789
                                       3013403427 197857214 1411006022
                                       1992087646 2903766520 2168375294
                                       3778790471 1851768706 2360575938
                                       71887787 831400561 1404298489 970956271
                                       89374896 4149119905 2495883962
                                       3409433203 23021941 2107419983
                                       1870752686 2428021892 3216505950
                                       91362195 4207435586 1509388383
                                       2809249587 2789560752 3333133178
                                       2129231644 1902520604 124265069
                                       3398044071 324923704 3589843522
                                       1554009035 1565980325 2219718394
                                       3068362297 3612152733 1245330935
                                       3092159625 3139195602 3655856123
                                       3564844413 982547471 3975896048
                                       1207434851 106863423 1903996260
                                       1794145776 892502964 3577701342
                                       2490264265 86699002 1224333861
                                       3945865238 937107881 131544863 30368784
                                       2848289937 2696190874 1552714099
                                       2441943494 2549159651 86128122
                                       1071984312 2853130078 759590804
                                       808671632 4181061039 1756897554
                                       1782857862 4111299999 417887993
                                       724291293 2609043597 162877404
                                       3645968508 2946349767 3089231086
                                       4190474741 2829272534 3858918735
                                       3650680952 1418452424 3048462052
                                       1518429124 1002534511 1725105350
                                       2404281007 1464591489 3780061238
                                       854270026 688433353 1642786260
                                       3909264231 2462768498 2173763479
                                       1772031842 322698904 3048602187
                                       2386514084 4111279082 2758330972
                                       276759371 2879076024 2469416141
                                       109322563 3518620371 3390409430
                                       3884003051 3849054529 2915179043
                                       1985184508 2157445974 1124852358
                                       163411829 2004941273 251703399
                                       2287812153 3911329004 4209705900
                                       4253679086 2995965356 504906092
                                       2338501408 4215579060 1288963656
                                       734375598 328897024 2963448400 636938600
                                       91177061 1329602976 3988751566
                                       2633538390 4132902357 4257898102
                                       2383982150 1802360197 1344350847
                                       1077599981 3092333870 3870987148
                                       1875672386 819979 1850154672 1349894258
                                       781456225 789735667 3573387603
                                       3140916434 4091867491 1888977369
                                       4116226527 2747282463 94385021
                                       2257864399 1847515804 3255306566
                                       2573378455 2083726264 2365753710
                                       3783695174 556587664 1554643686
                                       2765150385 1121167055 259813277
                                       4046695518 4106145294 4280618831
                                       3763125033 1364633965 3649242041
                                       697802170 2909816885 2210172441
                                       3012592137 1561937922 3756137140
                                       1048425225 179375622 3306997218
                                       375718261 3143840427 3637786194
                                       2594353389 2817036394 337324846
                                       941662698 968488653 3394129442
                                       1141237665 516787680 4264305227
                                       2357754169 2549978602 2589241011
                                       180604633 627403016 1331368413
                                       3845268871 2592402584 3977401646
                                       1934765187 2215801724 2309291284
                                       1002737336 4025583690 1877831727
                                       3804260942 3752932294 484354598
                                       2357211950 3111769159 1381274477
                                       3564212099 4246872621 2858600125
                                       972195157 46275200 3528101714 4064943800
                                       1451168890 1873592011 2340827915
                                       701089041 2969917574 395597139
                                       3126695870 4276617888 1819000698
                                       4188665350 2072796022 1654946972
                                       3303111264 3309230230 1320114617
                                       4242626668 43368167 1497894108
                                       4206813766 2667716438 1287301745
                                       1571429802 3855558300 3148883794
                                       3199928093 3958208780 3613048896
                                       734512183 3146623020 2562472319
                                       943520152 200270911 3102858328
                                       1562479272 3550029450 3838185270 2898065
                                       2314431382 3444322668 367298974
                                       2501288400 2982036691 1241629239
                                       1229930740 2548504210 2542016529
                                       3383319140 3597972747 1105047587
                                       895972773 2473458431 3309145304
                                       193505615 431249804 2435339362
                                       3411066157 3905996459 252348159
                                       378702744 2841719864 1762718402
                                       4039672291 3576651530 545823541
                                       4274460144 1563065512 245504384
                                       2776317516 3620015711 1721480619
                                       589317186 2720457115 539493865
                                       4114131558 3533072160 4208052970
                                       3909847170 3351157504 3481075458
                                       3215041517 1041374222 1028023687
                                       533407690 3913680187 987672682 663668978
                                       2836300538 3317698034 940564205
                                       4288651311 2117082267 3163944516
                                       1039903725 2578368590 1127153480
                                       3121246061 974924501 1591465453
                                       3872052212 2103046525 733349729
                                       3421950823 4230390603 100573092
                                       2912663017 2481921221 1277671663
                                       1334417582 1245304634 1703671946
                                       597667364 3645309374 2841650172
                                       3768671506 3680348974 2401265619
                                       2965502916 3017860463 3062904060
                                       230409054 757476670 2406994719 906747884
                                       733028408 2811808877 3015846126
                                       3311290367 3689364989 2298444156
                                       2706562597 1350461347 1063462629
                                       2361040631 2196636059 3808725429
                                       1155823774 2773004636 3344367176
                                       2584902296 392292832 88640184 805093878
                                       2969881622 1311318172 2344794451
                                       3700601444 674786092 2788073428
                                       2886678887 100791876 2774817719
                                       2367771347 1158196585 194827993
                                       2213246343 2432358716 2610887390
                                       854460395 3336879618 3954401743
                                       2700283925 767238747 2247957956
                                       655781466 4153447942 3028117728
                                       2206383427 230646627 56376791 1414930848
                                       2857912003 3243425980 96523275
                                       1899710278 1491151928 3579869392
                                       3208780794 4133645558 2839334943
                                       3270906806 1807898868 3124085190
                                       3574185547 1594858591 3897836529
                                       141693659 932127430 3468605082
                                       2282034735 4061237424 3999678470
                                       3666073094 4231901200 648453768
                                       1979232022 1687993099 3260906766
                                       619931817 3856774871 1146073526
                                       3160052427 1795787681 3353149252
                                       3245786751 1747197553 1949968573
                                       1395088075 1168495528 1316163197
                                       927826448 4108377378 1442269930
                                       1832611018 2981980098 1864370521
                                       1919186567 3278733925 632106028
                                       2154157097 1417267055 3939898831
                                       2688153014 195093575 2609181113
                                       3756852707 1858060254 234592511
                                       1173978357 1539406830 1557016374
                                       185784489 2029371768 516169032
                                       3456721609 3925901704 479309036
                                       416836893 2767529903 3890095704
                                       2878615192 3185262535 3886031296
                                       2101053330)))