#S(RANDOM-STATE :STATE #.(MAKE-ARRAY 627 :ELEMENT-TYPE '(UNSIGNED-BYTE 32)
                                     :INITIAL-CONTENTS
                                     '(0 2567483615 624 2147483648 3118898982
                                       3007003617 3429307108 89713939
                                       3609545980 647840498 2699684668
                                       3312162688 2113072779 3343128713
                                       4165643292 2946859210 1287192362
                                       2428182902 653291177 3306730190
                                       1024254268 2314078291 2143178540
                                       3957193108 8120989 1660674093 421722324
                                       3075023946 3666477027 797134513
                                       4092575071 2637835790 3276362479
                                       2260369757 1614304924 3548457381
                                       1759280904 4094566924 1415805326
                                       2471747604 4242134287 2770056675
                                       3638171130 2468849276 911839709
                                       3683394782 2475323909 2172374312
                                       3268418566 844278053 13551043 3451256374
                                       957752016 475615827 2131738775 668769261
                                       3851660675 1315426344 998104759
                                       1035353719 1095795183 2921158751
                                       48386296 3607455917 3485803085 874606072
                                       2954981890 1290408794 2884983686
                                       2569937721 1724976817 3407947105
                                       1060272474 3662220167 2052724878
                                       204517948 2292889847 559415092
                                       2112037147 1561989664 509746108
                                       3017770110 2550984775 2670608859
                                       617361469 3500704780 181797832
                                       3634112247 12004973 2923224374 839724565
                                       1104726594 1568172309 3689000877
                                       1908599704 2573492046 89566287
                                       3960272770 4059182993 518010479
                                       154649869 1694679556 3848158651
                                       1877399178 3056853930 2800815347
                                       4183362992 4159005751 2352229428
                                       1318643083 3355242474 2039773558
                                       2790465057 986111424 963547883
                                       4224947948 1308559256 1235913948
                                       3197902385 4131303210 2651685569
                                       936005395 3343012819 4083296355
                                       2688265538 1316997308 3579452029
                                       2658194721 3495394654 4009829954
                                       323449480 1114317514 2715821732
                                       111537258 4064298737 385063247
                                       1940031359 3218128672 630394177
                                       2042875215 1831293603 4069954934
                                       3599655375 551838439 5670362 616070962
                                       4057552464 1431618920 1275333559
                                       3560933968 1957230010 1081864694
                                       2666251742 2297498368 585664668
                                       335865524 1335987931 2016797045
                                       3889436141 1800454365 3871264491
                                       4040394969 2113647329 1694397705
                                       2898954855 2596656497 3163525296
                                       3845059806 2158046143 2164498823
                                       91473392 2032232082 1060095663
                                       2127414186 3414552502 2993531704
                                       4221314636 2018690164 337751015
                                       2474519935 3195933313 1971268560
                                       4208233291 3829012552 3693889783
                                       2553515565 3583166916 267296660
                                       1912327752 443627921 3587146839
                                       653349629 772604588 2975845657
                                       1381627476 1157811362 1476803486
                                       3430001815 4258718415 1223462233
                                       4003118501 1632762181 2297925576
                                       3856622332 2512316765 4094367749
                                       1712417952 3416203681 3436647861
                                       3902523819 1003769784 1864843577
                                       3346250665 4109220009 425097580
                                       1339259200 3519454980 302985855
                                       340052324 266372048 2701882357
                                       2597991025 109654246 2182827263
                                       3939905809 3165837803 1809065200
                                       276257199 182260758 1989612003
                                       3528962931 2941851667 1750206387
                                       3375777915 1179830483 179952976
                                       1100083973 2057873476 3676017299
                                       2946483627 1654848878 3499271950
                                       1666491588 1714880107 1192067560
                                       4067765696 991426958 3975510744
                                       2263823714 1569261509 998953979
                                       748294433 1922637360 2652430075
                                       3293025771 3485040765 232094268
                                       2471489566 1036528169 2488367140
                                       1395062625 1857853423 1470984822
                                       3701233909 1648954521 2636765772
                                       240906116 2431578664 2753774226
                                       1203313527 1696230037 3042044488
                                       1032162438 38605932 1501686769
                                       4115720902 3807237144 3739305250
                                       962940699 779099759 2749319103
                                       1525629380 273365158 778700650
                                       4000264310 320045452 592326366
                                       3496907494 4105830216 1897141811
                                       1442885218 1068506570 1038033608
                                       3670916088 3226808992 3935434123
                                       2278183397 1031932191 1458079814
                                       2926101675 756984670 3439519076 41819402
                                       888356115 414331168 3155615412
                                       3347877701 1975037091 2301079283
                                       860061332 1771564864 219137400
                                       1769911884 2845642589 1967023091
                                       1544782922 2408161275 2019899381
                                       4182477424 4085333587 1163477974
                                       2705132927 3628647730 2551936434
                                       3391916935 188459917 3876356327
                                       3653012993 1256768231 2804445822
                                       3445219560 91481456 2355262287
                                       2651320248 2707327224 2586563772
                                       1752014055 762976428 4120796084
                                       3235839181 2534074737 1222224427
                                       2421177667 3913181009 2039780157
                                       3058054832 1312958761 3041562560
                                       2057605723 878552670 1546832777
                                       4117849396 2000130071 1984517147
                                       1257487987 3814939871 2088651291
                                       520644801 2335441982 3768726526
                                       1631782590 24193530 1686453676
                                       1892691748 441171575 2597104832
                                       2572933104 1120872272 965804554
                                       329859891 1648459888 3788103547
                                       2203208570 1515806883 2183715218
                                       1603752459 1451477827 1895686431
                                       1187839618 543558262 3259524076
                                       1789237354 3485871125 3906552080
                                       710517319 2618403866 550133021
                                       2341354102 1277530871 1155344404
                                       1368585637 3470041375 1727617888
                                       3130339335 652994719 2438450931
                                       1531505766 977840289 874363692
                                       2239380303 970239912 2272260760
                                       3793750420 852576293 3317404341 97022855
                                       3060357658 28907273 2817809035
                                       4126139699 2457502263 1080981934
                                       3564967927 868764771 2356609621
                                       2509854938 711948707 2604582729
                                       2938306650 1820519982 268039572
                                       3992103165 600901525 4187625878
                                       829600009 1738209457 3304215615
                                       3056139636 2305142222 1525827222
                                       4094251998 3111846313 1522048604
                                       3902632574 1211641674 2783594888
                                       432281711 161147648 1978697909 102525245
                                       918807431 2752036769 2006309235
                                       600203318 347701428 3726226700
                                       2265983834 632817854 3846458113
                                       1629608698 1501380754 2050124472
                                       3609631975 3891249387 2847873933
                                       4104873536 3584537097 2815122062
                                       2904256251 3526640316 67584204
                                       4264267292 1277932079 825720405
                                       1051123946 1808212722 3471641578
                                       71916923 3116439250 4105278587
                                       3743400235 761457478 275909333
                                       1691997533 527096110 3492061089
                                       1410676306 1982361860 2067037329
                                       1453805449 689813919 3910200231
                                       818699278 3096637569 3660838870
                                       285953003 1385938705 1604838151
                                       298506603 1627856851 168340675
                                       3660269375 2579481534 2069051467
                                       3959840852 2199515508 2380540658
                                       3156710859 3586260355 344131816
                                       454510314 3287159635 862768886
                                       2315962450 2094112404 3498184901
                                       2383710575 1658426218 2096719333
                                       1589904601 1052870784 1811231592
                                       2521512406 621483827 4046661094
                                       1481687273 1917095795 3472751233
                                       713088413 2312034142 2872636945
                                       1900816758 1271981139 1000065454
                                       3941732655 1856254327 1740835988
                                       3557337606 3164703284 3820800701
                                       2047654697 3275845922 1546240057
                                       3356283917 1805307023 3686777941
                                       1033070829 3111368628 3111947738
                                       1778685437 3519457579 3987680569
                                       458611798 4048176653 3964315210
                                       4233385029 229821814 1534596465
                                       2935500472 2446648422 3894702909
                                       2531722051 3709874516 489526597
                                       1739197355 573877444 1597930509
                                       1254932077 384424144 223627794
                                       2421689387 1582556348 3504651951
                                       3333950876 2651547060 2950467614
                                       738192208 2833747473 3141356457
                                       1907842843 3319943392 3371273366
                                       664381522 924878237 3122533684
                                       1879189266 351724886 724562962
                                       1829575873 2398454773 1375337450
                                       4276406202 382922931 3810653088
                                       1477115687 1345156926 3388339356
                                       2498324848 1164116578 3918580932
                                       371288468 748335216 3784125173
                                       2886032120 3638144200 68754838
                                       3230337135 1797341422 1547325778
                                       1471863232 3455489477 1113129461
                                       3520506812 3731138500 1044028284
                                       545740844 1786412575 2872948253
                                       2950349363 3186190823 1587899647
                                       3454094147 4077899775 1526419973
                                       3821515038 2511117368 570895019
                                       552984500 80800062 4119029779 79391908
                                       3705285903 128727352 2368695934
                                       1697579009 700444627 4152790525)))