#S(RANDOM-STATE :STATE #.(MAKE-ARRAY 627 :ELEMENT-TYPE '(UNSIGNED-BYTE 32)
                                     :INITIAL-CONTENTS
                                     '(0 2567483615 624 2147483648 1316269292
                                       2983809591 4169251621 4083195400
                                       1230628557 3356294253 3301273837
                                       2588335273 3841949360 2767273047
                                       3675190356 2677240015 478194155
                                       2747811325 1360420326 1435071307
                                       3961761352 2783538517 2354315157
                                       3989353304 1413185558 290069765
                                       1124039117 2204252038 3629972010
                                       498439111 2672291550 2160031608
                                       2802367111 4019398573 789993173
                                       677408925 1799787476 2020815345
                                       3884409806 990085468 1972989391
                                       2126448202 227320709 101953444 208073686
                                       1447539418 3487674294 571030036
                                       447313350 2061567126 2536711632
                                       505727114 587720188 3909564419 587020968
                                       1975526304 3687726961 4023372977
                                       2859891141 2577971053 2605601658
                                       1498488953 1213461775 2214490443
                                       360693585 1262172789 1426651591
                                       3252841565 3356073019 2346527187
                                       751409655 4286718601 4155521774
                                       2271588589 4156584692 1368890257
                                       3452839200 660046236 2518139998
                                       3175426157 2648934955 2320832288
                                       2529816776 559530963 802366195
                                       1704219962 2825511460 3713851004
                                       3414683771 3927073044 3880154764
                                       426709984 1325652586 1868970222
                                       1387225280 379390591 3980584124
                                       289770808 361572674 319124104 3450851804
                                       3451440724 1973060648 450640371
                                       3005175941 242256303 3267061000
                                       3478196022 2013778686 3154786139
                                       3148686700 1713271643 5240906 1732425348
                                       2124963394 200873730 1910428080
                                       3337293410 10049294 2595033684
                                       1569324609 774490588 3442025108
                                       513138640 1264402757 340619191 747548565
                                       2530840042 3846961156 429583249
                                       636447492 1163894952 246301714
                                       4198645305 1212449701 3302701274
                                       1546073350 1213239365 1820643999
                                       3460034776 2476196603 2319680089
                                       2812271561 3242398326 2863283253
                                       3317528376 618242049 91153449 1773392712
                                       4274043704 2768584732 522854426
                                       4035396028 2300991354 2156957714
                                       2324083230 2017743569 1874831186
                                       1070314899 177347826 2972417912
                                       995679736 2905239003 895185906
                                       2854910699 3849899592 1130709752
                                       1006716703 3873878424 1462475597
                                       2564058251 165950480 2887798956
                                       1095195561 415492183 2549248681
                                       3695341712 90609815 1589376818
                                       3472762569 1363275534 1543832824
                                       327337979 2564175787 22935235 3651186338
                                       650807203 3292719396 3870784276
                                       3286072189 3844419637 690399504
                                       2052641835 559232476 2137620354
                                       754327666 2445664222 1193581974
                                       229449237 3554979918 2026746916
                                       2411744865 2141763255 3339183999
                                       4147174457 640487651 2385946578
                                       3986691225 846677044 1014876874
                                       857868952 1776737145 3596140097
                                       3195979740 923476468 1787917056
                                       3953248233 163194459 1247192990
                                       2461663252 2909067474 2568509692
                                       1174028218 3764280565 830059942
                                       714399701 3029109078 3121346611
                                       3556278537 3681061459 291885540
                                       1888286448 440449286 1130677909
                                       2495902556 1447690817 3387355211
                                       890857654 2348751373 3681540202
                                       2449626679 3429026955 2961566306
                                       2449426478 2035361015 2759376538
                                       3461371075 1041766844 48914635
                                       1243592117 2289829226 1111955497
                                       285403579 1921272304 3712483562
                                       3078330855 3831234880 2616268226
                                       3426962159 2628603395 4007654825
                                       2175218209 4000309486 2567283200
                                       2047492596 2632837169 335943759
                                       1311408637 2471587811 1147134560
                                       3890326905 1985162387 692609787
                                       2398947928 3098169950 2801520829
                                       2471419218 3201104818 1790244680
                                       562963321 3350149218 257179080
                                       3101721124 188207109 3147825851
                                       1640204476 98529853 999754970 178220613
                                       175240098 1237796922 1441871324
                                       265391012 274622694 842045121 1157615610
                                       1110498378 3709363724 2249624443
                                       2450428815 2037969282 1237599757
                                       1495703550 1868473692 2171600158
                                       2397193817 2017620397 1357816695
                                       671959793 1227026223 2871038663
                                       3383779491 3793829580 3986907732
                                       936678083 4000690793 1542498399
                                       1460250195 3050037352 539979812
                                       2997215291 391182968 4023765564
                                       3126991050 2520983380 1036767275
                                       3733741191 1498160629 2470325716
                                       3538314359 888131238 3519900487
                                       3826857267 2942758111 3782567124
                                       3972737166 1274350634 4137915746
                                       3209542070 2194573057 1639259974
                                       2637425381 3114399795 2654926623
                                       3471283698 1221921506 3130709873
                                       2710717990 3360813289 44687792 965956227
                                       3095515262 1290934707 1775003550
                                       2640163536 3954066334 1492143074
                                       713475929 2911490716 692497576
                                       1613793879 1651743089 2074773042
                                       354521418 2094878131 1447750672
                                       3805798995 2290794221 4080239732
                                       648765277 1449808750 154239840
                                       1834252665 2111801841 4275049036
                                       3688440311 2706890358 1276946123
                                       403354883 1693322162 4248678159
                                       590551361 2011235762 780179994
                                       1760819793 3122365640 2981710012
                                       4203382198 1189499389 2896123482
                                       1208571296 2684566851 4110519373
                                       4048055687 1311451698 2238121084
                                       2793850627 559005267 3856054396
                                       136691268 4076924120 1833363944
                                       2890176648 1244956509 814679492
                                       3567739515 1810062669 3185851641
                                       1571872852 3749418130 253101647
                                       2884092200 2574022805 260668198
                                       1095771267 2905523951 3184275863
                                       4086911154 2990669796 3516761074
                                       2452242794 3137276402 3099000699
                                       609812782 725492594 2901768900 465659216
                                       3238910876 608045353 3268002216
                                       3026394115 2246542563 1987462894
                                       936195236 4143288805 1069970530
                                       2298659119 1866271524 1164861020
                                       1683882345 1397000060 3153684350
                                       1344602437 1429518156 1485651167
                                       1582647801 3649283085 2096552668
                                       1151525935 2882359462 640905812
                                       1563728056 3491830216 2700154102
                                       692096839 803762825 299443222 1276851884
                                       337736494 330684065 166639377 439303915
                                       24724996 911409520 2504325931 2940514423
                                       3300116583 4168267933 655176272
                                       4159838721 1793948903 2833930565
                                       2260208069 2432171269 1143132528
                                       3335999925 847868633 3767550988 13609313
                                       1727572386 2680786830 2035277974
                                       849554548 1049712320 2527441454
                                       1622644309 692843476 333360849
                                       2759043818 792428766 4286576475
                                       344997418 1821696339 909052618
                                       4271755663 3171396818 3603626680
                                       3189895232 3045692307 1216983596
                                       3496228134 1460198113 1790407641
                                       1664352108 1810800167 3009658358
                                       1960155921 363579604 2720922540
                                       2915400419 1196083 647087809 1040782174
                                       3496237583 2498698724 187821793
                                       1351624155 2349064818 106777881
                                       2394887354 3445178465 1008277179
                                       2181350103 2507139587 2103482278
                                       1094737296 1908174620 1097852529
                                       3293336126 2490840490 2909182876
                                       2780262554 3164685908 1709931830
                                       1184698346 1961595857 3277052324
                                       3070130226 993379499 2948239093
                                       1631385623 2679565991 531508486
                                       3973815775 2261157871 3613757107
                                       350236902 2689962168 103237760
                                       3821997755 4158485879 2166303344
                                       1866624402 1791872676 925111996
                                       3213519392 1061068639 464173621
                                       3535368488 1739221163 3946537617
                                       1227591561 1389002404 1679130549
                                       232004167 4270622807 637387853
                                       3519740878 802917697 308833286
                                       4210108152 2792573796 1037793182
                                       1920233987 2517542777 165733925
                                       562071288 815863199 1660396951
                                       3272179340 4049159858 2426271741
                                       259132651 3921916672 3443781409
                                       1907565965 2288393241 2006750443
                                       2375283778 3472503791 1876261610
                                       1060019438 3361478071 1662407632
                                       1244651566 2883315312 1300648515
                                       3259666132 1482260676 3365818978
                                       1572753876 1520106412 1820277238
                                       4081744506 3032746921 3804547826
                                       1554599295 3088863640 2204969967
                                       1687445634 4172571366 2748139347
                                       3121744402 707353542 2001509726
                                       3253203738 3753969440 1658962038
                                       61333655 2375184735 2627636439
                                       2527725649 3956616200 4176521289
                                       2011481895 1122306335 592449945)))