#S(RANDOM-STATE :STATE #.(MAKE-ARRAY 627 :ELEMENT-TYPE '(UNSIGNED-BYTE 32)
                                     :INITIAL-CONTENTS
                                     '(0 2567483615 624 2147483648 3176103999
                                       401848210 1599212014 898288434
                                       2885413834 2083571112 1357810021
                                       2241745521 3337666400 3762991626
                                       3569115985 2679253055 2820492505
                                       3366887126 1860395952 3247478404
                                       1688357574 3357951890 4053920976
                                       1947952451 874550270 2083674168
                                       3263302045 3988208530 1580893042
                                       3690331744 3184216961 1530209382
                                       2629756951 822259271 1581838319
                                       2212539754 1375830276 1314754 166084496
                                       94129594 4078548049 1754364133 584602869
                                       1413931039 4051963527 1256944739
                                       2541764876 3577998949 888083979
                                       2048947800 1672318502 3177795177
                                       2054762105 1213629312 3250025222
                                       2296828199 2428269087 2933521277
                                       3557410670 3627397594 274419316
                                       555327507 328583065 1111128205 346689118
                                       4124009564 3464160651 1995997758
                                       2477294852 219204336 3470734765
                                       2624159370 3070740486 1364641577
                                       4229010863 254270551 1613007189
                                       2689330306 712707006 2283494805
                                       777787488 1483223517 3251308360
                                       1909471633 1672853374 1960103285
                                       2917130977 1668555821 2103054376
                                       124153806 1364967342 3336200256
                                       3990219011 2712921043 607852607
                                       2929920900 4088198347 2867366852
                                       2373661054 1566305491 526602606
                                       2972164694 411490213 3452996858
                                       3967538235 3504404921 3479127899
                                       2085117774 3381899706 2911729544
                                       2742471295 3532862868 1864031859
                                       3627127258 988599887 629229418
                                       4089283718 3848258621 1529467638
                                       1118709563 1281442972 1594072681
                                       724055623 3511650266 3475980440
                                       4088556791 1541153389 2373467368
                                       3963834983 4139844655 3662296515
                                       1568413152 2261648974 3893858155
                                       4089288557 3913607623 3198907497
                                       2369844018 857389435 125983564 934978544
                                       1567427130 3758164151 3183169588
                                       2685946642 2200437176 3996982219
                                       2161079409 2109266794 3456841086
                                       3844959466 1818713463 969049183
                                       1731362069 3729404759 813198349
                                       823610501 2210286835 99986974 955638410
                                       1393756201 1612051300 2890818599
                                       4137886069 819253543 2388701917
                                       2999027949 4026477578 4045181033
                                       2870968539 3498835756 121750143
                                       2359019982 1822466557 669353822
                                       4027232066 1895724726 93624056
                                       2893833305 2551483473 2271830389
                                       1120648673 2369064977 3234793522
                                       2314312353 381312962 495333491
                                       3853102029 2147667047 3484968737
                                       3274279489 304313852 3090484109
                                       2881980414 515380901 3896457460
                                       2884795302 2575507788 914561674
                                       3787893094 507984772 3202793715
                                       3929538715 3544235310 2388755216
                                       3474954321 1887718365 2548292973
                                       1054197061 647690931 2795551688
                                       724623169 4170293246 4142444465
                                       3128989535 1340801510 3581671267
                                       4073069380 2725117262 1978066720
                                       3353026043 1828112322 195201357
                                       342101296 1517355822 3372783934
                                       2481011029 581847819 198552568
                                       3153986290 3891847171 3171595612
                                       2910069547 511233622 1220485584
                                       182711379 2712658876 437547425
                                       2914288768 3124603683 2866701612
                                       2947976133 3510298889 4281604457
                                       2806679981 847811037 3230234222
                                       4213530793 4245148423 617672888
                                       914493897 2226486622 2886372560
                                       2495849552 1879430894 15981587
                                       2833742062 1878303895 1201015062
                                       1853466343 518299416 2366972261
                                       152953210 1100657443 3807631326
                                       829238341 3013828078 3834064294
                                       1790779941 3999313576 3959530736
                                       4249953415 1368948979 319187328
                                       2600381477 4249036236 2006354592
                                       2056655192 1662006279 3048349958
                                       4213384626 4008795567 1518949072
                                       2641268473 1895550385 3977974310
                                       3464781067 944146590 1364932013
                                       3742784985 2652001612 2621194554
                                       2217779762 1947112300 336776295
                                       1616358861 3196890536 2408266909
                                       3728822827 3271433578 57323534 262871291
                                       4096003878 1927847448 2338521392
                                       2712693970 369186765 3878359369 99262412
                                       3986868353 3496481720 359138235
                                       1439129642 3179204977 2651555547
                                       2230324125 2550896180 3190179944
                                       471823161 3469054638 3120529586
                                       1856375143 324421002 3852999505
                                       3031774627 3099985913 3429210552
                                       894977414 995939787 1655090756
                                       1131336283 3695195464 49970251
                                       3514193579 4004443572 1151250022
                                       3218538534 3643541517 2291614139
                                       1369661973 2879498411 3427123024
                                       3441788315 2844409927 630491846
                                       746524734 2460360414 3137219799
                                       143798774 2790190995 396058557
                                       2486252574 1377734514 1602072038
                                       3877208523 1338464988 3240900955
                                       1260612327 3515579622 3042328106
                                       3011934459 817649704 1180589987
                                       2859825347 3173986460 2410099497
                                       1661622537 733736701 3091849935
                                       2336948102 2404843878 2078037873
                                       2794590245 2064128004 736988858
                                       2098966716 3869834463 2951117804
                                       2600921707 3646423215 2843762647
                                       2257385315 32392839 3581679700 691815834
                                       2055143207 1942692863 3419969832
                                       867374403 3415671211 428649281
                                       1690213839 3648402570 2077962877
                                       1091510063 976665225 1411720754
                                       3480689648 547187652 3305415885
                                       273761257 3778643217 2630581660
                                       3254959803 1864551046 547548297
                                       2293128382 3328525155 3085124614
                                       3536128559 3102918369 518876805
                                       1483848320 2880528224 282563777
                                       2133062875 1543613134 1061592231
                                       938775176 1637325024 3084200918
                                       3560588821 221439005 2569170842
                                       3297625362 2639410599 3801255636
                                       2651147299 3752033091 3104797971
                                       4170365852 4018689986 3359644325
                                       2550119686 4257746774 3632849531
                                       2534097562 485620029 1268851291
                                       3188611368 3970902481 412700311
                                       256867995 3819763590 3663955029
                                       3814744776 1367402848 3444780219
                                       807185384 1301653539 746185720
                                       1921439954 314126491 204864941 891847364
                                       2325116110 1959353471 3107294252
                                       425358775 2273135271 2406707347
                                       4111678761 4225039294 3178833303
                                       4212081946 2075542364 841461784
                                       2352254613 2815334663 967149353
                                       2664385012 2471593686 3138954601
                                       1112109248 2262150664 2505659343
                                       550588129 3114750328 3258652437
                                       3572802725 2759781666 4140607412
                                       672889624 2428706353 3503393832
                                       1146410506 926104112 1111566870
                                       3356844810 2340657838 2446095264
                                       2198815091 2592934016 2340784 3293582286
                                       3228258094 3448043612 1739008393
                                       1347198392 176386147 1952694348
                                       1907677821 2764026288 3890199379
                                       1430824535 3667355233 1573633707
                                       591718267 1037708429 2622383104
                                       2924079517 46053690 3655233696
                                       3199895842 842759580 976636002 697344233
                                       2263070652 3467826272 2127650747
                                       2086608223 1916492325 2525229995
                                       3247921003 2457034184 754048245
                                       1271969083 672604427 641087233
                                       2578140852 4293998487 3266108708
                                       2480982933 1476807688 2210006762
                                       769327715 3163006015 188498973
                                       3492330016 1053811804 3778081487
                                       2277885723 3602841633 647388781
                                       1548999553 3983980498 3631549252
                                       3072748418 2336829460 1041833730
                                       4232118013 618196416 1055969875
                                       3706280388 688235931 4161960845
                                       2232388044 1531206729 222305947
                                       3265814671 1878757562 121863660
                                       1562550848 3117237472 1839843476
                                       4210732977 488952320 3581679920
                                       3848616489 2881897699 1315943305
                                       1312819141 3692767953 3751564668
                                       1959052837 4148614069 163777197
                                       3217519927 487036153 3644200649
                                       3073614444 2306795494 2029202003
                                       814592735 2045456244 218600805
                                       3049028058 3396705188 3325304496
                                       2111987553 1121794912 2316008426
                                       3509943150 1910200084 4015177225
                                       2418444353 1056465522 843667430
                                       3388019798 6967089 1358465197 523058555
                                       2952739148 3740222993 1908082938
                                       2579499440 4129141804 1522125242
                                       4147569110 788978118 2950128389
                                       3658486982 292533872 695082306
                                       4288649116 616930660 3010899515
                                       1966434677 425848770 4006576165
                                       2204074144 1998298409 725821760
                                       442499013 942709803 4013760526
                                       1521251101)))