#S(RANDOM-STATE :STATE #.(MAKE-ARRAY 627 :ELEMENT-TYPE '(UNSIGNED-BYTE 32)
                                     :INITIAL-CONTENTS
                                     '(0 2567483615 624 2147483648 3235646967
                                       3742052731 3660549417 3609119694
                                       4088903409 3284800451 2051439277
                                       2336048498 3405286293 4254348103
                                       1841928418 646225552 3430013846
                                       836689368 1550407725 3893297378
                                       2281051848 3445393474 2464676628
                                       2807665434 2315679743 730525179
                                       3364598192 666618444 3551609866
                                       783392833 3918570834 3732245014
                                       776874428 2513779397 895417027
                                       1695209773 2309967732 3287811704
                                       3847041639 4086532402 408029914
                                       2498378816 3291141866 3540544206
                                       854563755 4132663614 391791454
                                       3362592885 165754895 196841183
                                       2954100009 3588350675 1378289047
                                       2208843937 3157352007 4108991759
                                       2256759559 593896859 789217227 772636684
                                       2398315304 593471498 1881630713
                                       3699249509 2368906327 1755095730
                                       2775330311 429898696 3812565419
                                       2278188593 3462620102 1276310216
                                       162886862 3732076099 854988023
                                       1786364970 2652854986 1719615453
                                       2423786005 1450657302 3629141539
                                       2384433299 3629872798 2916361031
                                       870965805 28996757 3748391088 2118382912
                                       3902045414 1631761432 3896967154
                                       2827773929 3082540071 2745430555
                                       850075454 1718411262 3426500385
                                       3341123336 4111762015 3488823321
                                       2568964060 1285666504 2402275161
                                       3880258495 1117461076 3811003202
                                       4140119143 2582744268 2123141324
                                       3507133406 3913567357 2863615028
                                       2972384323 3097724040 2946261362
                                       3283984731 3666375617 3300121929
                                       2437627223 1506284895 3491004006
                                       1959966703 1574789709 1648797467
                                       60105213 838876059 1673754374 1942268592
                                       1318514161 2756412064 2951210492
                                       226445029 2162160963 350898500
                                       1012963657 1877138190 400879024
                                       1039935986 2081416864 2051641657
                                       283747490 3167335243 2280275654
                                       1418454403 1664128146 3820688515
                                       1112635685 225592187 3316667572
                                       2907521021 753858319 1083278763
                                       2077024023 241968317 4158224675
                                       2326149760 1357717678 1695253456
                                       4009870956 3205781585 619833099
                                       422487442 1737924889 915091055
                                       3213696137 1162731902 270733728
                                       1005913360 143026389 1813166277
                                       318372800 1541333167 3493256414
                                       3467356304 4273698080 3162145799
                                       1470341029 3666689398 2344208954
                                       1721026472 4031147704 3877899940
                                       446860807 2793185883 4182347929
                                       2271296102 111568827 817424358
                                       2591836845 3735909410 3722134881
                                       3343819440 2274951570 2537944919
                                       147960121 3974676465 3667941171
                                       2326455660 2068312013 1295442824
                                       3022280796 748430432 3785461297
                                       1398544054 3202333846 3012443018
                                       3102357067 3704461225 4026313732
                                       12026639 3824750047 3326229521 600637849
                                       604942588 293750936 2611068658
                                       2302598440 3480952602 1163523934
                                       440018244 1151457137 250953957
                                       1028302620 384833146 4087156687
                                       2934762009 415064470 2661328496
                                       3439295421 1294336756 4046347853
                                       663607303 3729818504 185031732 159141540
                                       2629248918 2749200683 1638442226
                                       598656201 1300176321 2594742151
                                       4022640536 1182929837 1050547309
                                       2724289369 4172000296 3161084055
                                       2960325036 3147603032 410900338
                                       2733489047 1342588110 3565981009
                                       1652160633 533313516 2541754906
                                       2065910860 1115085610 2894069587
                                       3651411985 3997380829 4275987435
                                       2097302830 867406274 1131484246
                                       1233360052 1828926370 882265486
                                       2890312993 1706879681 1874925440
                                       825709477 1211941202 1395169398
                                       3934222483 3229311198 3032188466
                                       1184968324 4159625709 746692107
                                       2707789119 468104592 756837175
                                       3607068622 806930684 1853650316
                                       2345202509 3400817457 952262841
                                       2056017064 1354815919 48501438
                                       1224975866 3092242591 3495777147
                                       734709348 15252865 3728412402 4252974381
                                       2758475995 1705221355 1516184973
                                       3020500999 4011190103 1402480570
                                       3463953483 13730984 3338715901 573460502
                                       2067465594 2125456328 1594682764
                                       1017365645 2957989649 2899845403
                                       2304276416 1237001814 848211190
                                       838090666 2376465961 3878490454
                                       2632997666 3509034307 4050216757
                                       1925051601 3476116661 323600772
                                       4125709760 3452123439 885454790
                                       4071397290 1811267798 1390532841
                                       2419022937 1863734686 4208248455
                                       2998400137 3060523165 1856097594
                                       1041827932 3241460840 3421328288
                                       1295347140 344393444 1026648500 33170312
                                       228540265 2307125252 3784992071
                                       2575401780 344647812 1586830798
                                       914610971 379626657 508346744 3881443947
                                       3455993015 4186978989 3753948239
                                       1853745709 1844901078 2318644391
                                       1403928147 2146265834 3409505794
                                       1617778901 2236691479 4289235506
                                       4167931621 1994773452 3489348530
                                       1255577193 2560417320 997389846
                                       3836364406 1148192337 783295717
                                       596840423 1020113956 2362247860 79512205
                                       740474787 371627835 915683533 940804654
                                       2577131238 2767500546 2890250815
                                       2426882358 2381979102 208543075
                                       4271006391 4260910505 3964481619
                                       2238479878 2977642386 2842296693
                                       1371139680 2523151129 2584803164
                                       3417370212 3594793970 590468022
                                       3469461659 2099034571 817214309
                                       3706531259 1073190389 3161440776
                                       2763501350 2017319604 1429589884
                                       1765584840 1661452937 2224786607
                                       1892368485 3123631379 2637121891
                                       2577512302 4267656514 295832765
                                       364795179 2288598969 1129844932
                                       1842833157 501343099 2290105077
                                       2251955977 1487715691 2865411058
                                       1566902758 249870152 2066262489
                                       1674515091 3670169008 143058567
                                       428210809 2405517665 4112939035
                                       3101122397 3440404119 1091298119
                                       1049967939 458299413 2141161292
                                       374256934 2846042246 1773949497
                                       1713914035 61068125 624326592 1923717399
                                       2955680400 3491207441 59854253 529669948
                                       931101138 1423814260 1624562554
                                       1447884134 1181207153 1710303727
                                       1550401167 1103100855 3230270446
                                       318158543 563207516 512992973 3314266419
                                       60883611 3140925215 4133530018
                                       1900891926 3392808214 1543222034
                                       4228872509 602659680 2802968859
                                       3666301030 3047978847 1302592524
                                       1324940049 18819021 1211947762
                                       3943868483 369006063 3204967740
                                       1655873294 1251297493 1388215388
                                       2473098329 535752009 2701135624
                                       3212830173 1657414404 4234169278
                                       942313049 309447348 2597138555
                                       4037105275 1944452835 1190729361
                                       685278525 39696765 3429129558 2987177281
                                       2353841133 3006536616 3649787152
                                       1843602256 2239756479 4003740821
                                       2784704989 2472852020 1778450834
                                       2513437939 3493888737 2323317361
                                       2024821296 3536206245 3705277923
                                       128401385 2697463839 996944509
                                       1929252006 7107135 4158993824 1628287950
                                       2156628900 2029874673 3418821329
                                       2664285989 197949369 2278936329
                                       3527962489 4270720467 3586288415
                                       1637538904 130328209 1549462963
                                       4071005870 2209192811 1025875982
                                       2695629484 1673614063 1865352183
                                       344675215 4290226033 3695619990
                                       2803083390 2960887420 1007471259
                                       871924401 2923352795 3265087600
                                       3370129792 1633930353 1044827602
                                       1559962554 3100375040 1551693629
                                       4106395618 1189870255 492826483
                                       734415458 305135295 2608408176
                                       3037918142 1098660946 3247605695
                                       1138128523 1845513997 782458142
                                       2011640400 3843214916 2540559608
                                       1234858060 3874577287 2370435448
                                       1438827107 283793353 3902583561
                                       2529423795 3500508254 319974465
                                       1156164999 3565900218 2419538146
                                       37647902 2725369938 2060160459 686798384
                                       1426844958 547914696 3948432623
                                       4069020544 1327521313 2383730049
                                       1401896355 214057953 2383146843
                                       1766579971 2400032075 2929787579
                                       2308743844 1603082123 3118988612
                                       2392107702 3196814975 923844261
                                       2513192765 933725443 2168153301
                                       4244607761 4167851671 1709279549
                                       46077118 2018503512 434305104 214030379
                                       4195283582 4092407534 1783905249
                                       1771714197 3206851689 664877105
                                       3804425156)))