#S(RANDOM-STATE :STATE #.(MAKE-ARRAY 627 :ELEMENT-TYPE '(UNSIGNED-BYTE 32)
                                     :INITIAL-CONTENTS
                                     '(0 2567483615 624 2147483648 4207312658
                                       863518168 1652970989 2750917235
                                       1764939745 1043224606 3136530076
                                       2347185285 2114778701 638915130
                                       1751796468 1417448156 3210404675
                                       4193554036 1847164912 1817586926
                                       1792111979 1989749933 885248319
                                       904472518 1825530937 1342648385
                                       3601037743 516958128 249907656
                                       2765744303 1418076875 1749732788
                                       2521234522 771176231 1097076499
                                       3375606743 3248536646 913734359
                                       4192902161 451655383 3524045816
                                       1052375174 203951320 3668445075
                                       319608335 1186968090 382950719 344961501
                                       2615811528 2512632970 354712653
                                       3963060394 1220276037 3343851421
                                       639705793 220290758 2940557169
                                       2668221596 2340596134 3056965707
                                       1468812587 4203835103 3959007924
                                       2428593013 2390740264 2378461436
                                       3725333918 623441184 1826029665
                                       1917305652 2037036324 2855692205
                                       216417147 3183869385 1406519113
                                       2225367902 3809970060 3136409703
                                       3379117396 1135774899 1637679421
                                       110422389 3090935835 919858771
                                       2413745643 2474556571 3454042649
                                       567201769 2341141699 4164670158
                                       2432581181 1107299774 1386820319
                                       1809704984 1817502334 3090748236
                                       431146339 584554851 883634242 3732924283
                                       880966557 3147629256 1320548988
                                       885896965 864838316 222465654 3041208631
                                       3594179728 3000566895 1390773590
                                       3282344054 2472693133 2228101681
                                       23214948 2209755521 2856597392
                                       1961008068 2778277686 3069443217
                                       2328221792 4063887553 2953566637
                                       4239353385 3841601703 98187358
                                       3995558218 1861871227 2150517657
                                       1880585475 3435083441 3179611375
                                       3232799139 3001455169 2832859855
                                       3910589029 181522369 2198327105 35169402
                                       2333577117 4169334129 2727345920
                                       388504520 1049992203 650305038
                                       1502298171 1861646302 4175358448
                                       43096778 2660300176 1365855258
                                       2126829147 416687191 178265646
                                       2618511948 928252151 1455838723
                                       318058185 3892943009 802472405 572598391
                                       3497872775 312158175 1116713577
                                       120366751 1691640257 1584657607
                                       4125360031 1849507205 1082900164
                                       3867639898 1999677355 2637754777
                                       3697145881 920008282 1635708689 23181503
                                       498816552 923111985 2534419106
                                       3195516799 4151293997 4252683849
                                       1880105881 1797540780 3197868047
                                       1857231318 4237829150 90735882
                                       2665145571 1585611623 3800728718 6709033
                                       630343132 3862370029 3028318251
                                       1845409366 3267867272 4172118548
                                       2080733968 3425211402 89570704 677409297
                                       3464002165 2997884322 3329628018
                                       3036276203 3432381095 2271419026
                                       2386864709 152840823 2803550050
                                       3677139342 241523589 1834346791
                                       620911163 4146026632 2236277343
                                       2058119552 2264382815 3732096349
                                       1246532800 2257846347 2868413323
                                       3209883708 3984593960 3178513944
                                       1921024568 3892952223 448639471
                                       1241759508 3182734102 881451861
                                       2856649510 1550162773 3327294345
                                       1245094847 755229730 3539294145
                                       2002026811 2854861058 979973231
                                       3509324913 1260933094 33269004
                                       1162696811 565505503 2404766801
                                       3896020975 1252442076 863038568
                                       423260990 1647581497 1409135686
                                       3632208361 2063086681 3672705285
                                       1713747144 693417028 3124441998
                                       840593271 996506870 1359389794
                                       2789769176 460453048 1970617081
                                       2854044751 2440402449 3086986940
                                       4280934739 3389280075 3845334332
                                       2801508666 1391244324 3902454370
                                       1340821626 2121810979 156841494
                                       851709198 2234737353 1491693416
                                       4037699269 1832047768 1546723984
                                       4179519916 74812390 326561717 3167254277
                                       409332341 2535452862 458707058 491271778
                                       1811752602 3119333692 1170977827
                                       858023722 1116550091 10954585 3079079381
                                       3430530339 1576774287 3699657887
                                       1784594937 803872551 3902845533
                                       1277023946 2812550989 3823523056
                                       596927723 3619591834 311212565
                                       2749615410 2417848657 1515259144
                                       4224564387 2602782942 3891367310
                                       1671148231 1047006444 563707536 96480652
                                       2501323526 2334997629 2381379747
                                       1386672306 1375274654 1022190804
                                       1742864349 3821006483 599622253
                                       3393149918 3014093354 942447692
                                       550887056 1040634583 2249614953
                                       2525443497 2298616469 121780581
                                       3360141928 2612959304 815855307
                                       3889385479 2947184601 2566206698
                                       1336524909 2050427989 4147244841
                                       3928021399 3478398973 3345422601
                                       1588029777 1893835679 3003735254
                                       2190059866 3169637620 3687508399
                                       3302050983 3555766162 3504561854
                                       3067445023 1146601838 357479528
                                       1978958283 3509358778 2569095430
                                       3055505217 3167383657 3390320145
                                       3985543942 2917960715 715275826
                                       1239929849 3147741393 263051133
                                       311730780 1127584153 4164493810
                                       1383285464 164317298 2064816760
                                       1748538147 1973123736 607762099
                                       3011831526 1107639693 2435408519
                                       1837159509 426907984 1372231608
                                       587425838 3595203373 2312937967
                                       2320901492 3561194023 2133061031
                                       1204499753 727427790 1516398144
                                       2348531747 752500976 1731165610
                                       1198783886 2145689981 4239721029
                                       367308800 2376508534 1090006744
                                       4117364728 3055717898 609748930
                                       3944303899 3720819881 2344955208
                                       1999461430 1815556023 1350470967
                                       1410521527 1733444558 383946648
                                       1350615909 193698897 1309935598
                                       1950386052 2768567663 3005475639
                                       1574540153 2615578600 579390964
                                       4239207923 810645472 2231268275
                                       2516513326 1282963849 660935346
                                       2344245622 3893791391 4038016047
                                       3398506571 725109562 1667593764
                                       1015157245 706863068 567783136
                                       2925522288 2332263016 3270453082
                                       281252246 3234287492 4031629793
                                       2512215652 2895285745 336211000
                                       2517576063 3193158767 2289703556
                                       1537791376 2840357183 326511829
                                       2329280165 2436071657 1794390144
                                       1208106084 3071378477 989520478
                                       906952787 1131049747 304221456
                                       1453847194 3565940481 2871744121
                                       62257245 2662058049 1083814417
                                       2831512463 518496021 3974810207
                                       3891809636 3031215522 2556494012
                                       1250385940 1123800573 1724702927
                                       192854546 514247578 303305797 930886912
                                       3532062292 3287923092 2408619023
                                       2080355100 2231896351 2878083246
                                       3713407070 3393701330 3605685876
                                       2479183572 2723332851 748859971
                                       3454461476 3301892978 1313375370
                                       3528146483 2797155976 3840551598
                                       549338757 3945370143 1242698804
                                       3591114860 1443153050 1949999173
                                       2971481360 162031769 4166485053
                                       2526693180 3224590906 707855016
                                       3423229775 1404335957 2632783005
                                       1634995116 3042137821 1417003928
                                       1637029643 2305755012 2868097975
                                       3638966925 3048183068 4372232 4185417754
                                       1702017968 3678680640 2451110893
                                       1114058064 3056456797 3525928547
                                       2688907503 4063023955 3886750193
                                       2780772415 1853159176 282017107
                                       2027431339 1014417519 1722062342
                                       4182957764 3001804371 2368776864
                                       1545669687 2450199526 4019624226
                                       3358738967 1916449839 2066167828
                                       271858502 3744492564 2246250323
                                       4174894795 1098290714 424967391
                                       1144357327 3303102023 2083960375
                                       3457080425 3800836850 1944337603
                                       988282855 2706512090 102775104
                                       4282417230 125870667 843455903
                                       1730841698 2955257540 1004059245
                                       2426762290 2843343163 3091578277
                                       1081643683 3926833567 1001013905
                                       2338727911 1280055686 3088651818
                                       4266427855 1725747670 3892652472
                                       222506232 3925401134 4249342649
                                       1800431430 1580795343 2014844705
                                       224512179 1044360649 3798933158
                                       3995659873 2480435571 2649635350
                                       2976291118 2378585544 1533812439
                                       1480746945 2246399037 1513932710
                                       907545590 2963931971 1418640269
                                       4068985513 3145513092 4131546814
                                       3108551906 2332327332 3109450284
                                       2942176641 4282157018 3651098107
                                       3798456477 930926692 3964307488
                                       957563980 35420050 1955259609 2891613731
                                       2121139816 2468876672 1122154418
                                       2483241263)))