#S(RANDOM-STATE :STATE #.(MAKE-ARRAY 627 :ELEMENT-TYPE '(UNSIGNED-BYTE 32)
                                     :INITIAL-CONTENTS
                                     '(0 2567483615 624 2147483648 799910764
                                       3365409089 183848919 3815249005
                                       1516133720 981278584 3553849561
                                       693578325 2515994000 3692774157
                                       2474611353 3224046197 3446244859
                                       3493314694 2422832299 1854637403
                                       610954917 3075336578 2829419987
                                       2501099683 1933830193 431819757
                                       686842583 3964672261 3661972269
                                       919816206 1360575451 86495404 390750180
                                       1764049019 136898217 946438443 284256170
                                       1490043822 2795101588 1174266511
                                       3505341621 2745344620 1209964090
                                       1989442704 1830677693 2677749543
                                       1439693926 1720464026 2663117039
                                       3170744787 2944741502 1560374485
                                       1222368386 4270633056 365592913
                                       1194665216 1973297410 1819301892
                                       2882498659 1814751131 3445671520
                                       107031167 1205634740 393203632
                                       3525485103 1152791672 2331370625
                                       565692283 2340674536 2813767775
                                       3112651001 2961797624 2687999426
                                       2609965730 4107816421 1351772283
                                       4105190506 3396605388 595078672
                                       3485947623 2197420406 2226856808
                                       80822836 849862158 1322604613 3179155667
                                       3346195287 2885499780 1231410528
                                       1762815674 105284883 974126246
                                       1960496700 3770442655 1459745367
                                       2477762664 2088356924 2995198725
                                       405633195 4241270561 1074179684
                                       2918322963 3493212615 563885270
                                       3176625781 1117988711 2978410638
                                       3859536017 1567307348 307884062
                                       802566241 1227076754 351424322
                                       1435203668 1174747377 187685643 94505298
                                       1401471812 4057972224 2867102044
                                       3434166547 4031963731 1001284796
                                       1058175667 2799744809 1065135342
                                       641884447 2311947216 1646576209
                                       2900511982 3324157261 1344022894
                                       3776400360 2422377420 3509966322
                                       1056144243 3287281266 3746150133
                                       3195164910 1459217140 3011411282
                                       372869205 3167036434 935670572 125459078
                                       3934550440 877821177 1489259268
                                       522042158 2356318419 3785315 2214447524
                                       1708430418 3863551904 295450531
                                       1686254806 406228067 1968033578
                                       1320629475 3542758952 936781228
                                       3230852638 4024901539 2022905551
                                       2213781764 3157913296 1378417126
                                       315642869 2690975361 1675680411
                                       1069037490 3151826787 3418955023
                                       808583523 3538170453 2012215230
                                       175483119 3372953924 1602943093
                                       995063712 611021471 677857917 1134812493
                                       2017373967 2564823271 1964808002
                                       2514074615 3331795759 1904535498
                                       4116359458 657392387 1536659864
                                       339097441 407573876 1487272517 853950493
                                       2062684172 3580309911 2186914409
                                       2709504884 227906319 2796723268
                                       2837846043 1421268016 4214247881
                                       4098500583 2756385384 1310221943
                                       3626767578 935074455 1780131751
                                       3156588360 3805758889 3569872677
                                       1580568960 173596137 1564862742 8981302
                                       603262247 4259797674 958251215
                                       2251940050 501502868 2949756532
                                       212080499 1054103447 2474755781
                                       1966622327 3747366299 286204252
                                       2732666313 1034995490 2197879535
                                       1624635416 366904494 14681620 1515587211
                                       788068671 3909179996 3033365379
                                       1891511143 2460972061 147811574
                                       2129501904 729317030 1801085976
                                       880069379 2762722498 1213017386
                                       4050069795 1778468405 2060193971
                                       1543971947 1903103387 2184787227
                                       2504660021 1721714346 1380186717
                                       1258988485 2517806423 2638402719
                                       2047256397 583527698 4097777221
                                       2432196506 1340330000 3526575583
                                       1455248758 3801662208 705624026
                                       2542062606 3823070162 3145338131
                                       733502826 3879938796 499123929 19650981
                                       2235790272 104505729 1639932424
                                       1220824309 3503842586 2655607384
                                       1443090177 165941839 1330701156
                                       1180046381 1036933033 1198599589
                                       26890219 3058086056 4033181103
                                       2516174099 3974181807 1582455428
                                       1668630882 215407441 1578844156
                                       3926519077 2997039323 2279619484
                                       4055953599 1472847774 3530416778
                                       1237517710 1661186798 494668929
                                       499658790 2538251113 2098907309
                                       835994453 2325567349 3716522097
                                       237714935 2001436864 647484315
                                       2500863817 3806885626 1879942549
                                       3168371547 1042217202 607167592 17772977
                                       348678011 2322981543 2540790859
                                       1018642423 47077848 872214438 325485637
                                       2863582847 1364758691 3325142074
                                       1327327702 1877921381 1999936125
                                       1890652856 3122491421 2615062731
                                       3231812430 3705224837 2262319888
                                       1057741648 3325035323 2920425995
                                       1345020534 3297888421 2008105170
                                       4163901322 2128778208 1668765272
                                       3751798526 2109950203 498857858
                                       379117685 1181648520 835736572
                                       3332447218 481463263 2127348726
                                       338367375 3612948442 2106211897
                                       2565931249 437339458 2837568338
                                       1306429251 2975876194 669103816
                                       3751955995 374395102 3772789246
                                       3229341508 2298031169 2388200787
                                       3713073665 2610018112 3782677481
                                       1387412983 3440161943 4005898361
                                       2710403397 3775122838 1055034531
                                       2587823826 1193659513 3794091873
                                       116475231 856970495 2008025158 407636198
                                       2352436414 3441323940 2591123444
                                       210664065 2616703221 730255870
                                       3015126995 2730164902 2506951112
                                       2170732752 924062063 3512293084
                                       2853700925 3454742672 1326093952
                                       3299876795 3881105050 2872741447
                                       1097807525 4122472059 2833234532
                                       375060093 2423130834 3568336054
                                       2845987558 3353331077 3733783303
                                       3264666693 3837231212 686901630
                                       660862250 1509597934 3174862682
                                       929746799 4115500871 4103602737
                                       3794534442 4146078708 2017634446
                                       3421589741 824111789 451276387 75165463
                                       2567107406 2115638132 1436011023
                                       2691808290 1062341854 1906914366
                                       2085133125 4105968907 3975332642
                                       2210433103 261202059 1393556923
                                       3779602431 2869894144 2467138251
                                       3063151413 2825335859 747118240
                                       657259193 1510942136 1197023340
                                       3352170615 818263488 3765930831
                                       3373141040 3715343333 1668591270
                                       2802538028 603654763 2917600919
                                       148385262 541715843 3608720250
                                       1088444530 3252137926 3502592793
                                       2988913867 1975201582 3601665772
                                       2951161134 3886673094 982982064
                                       2121473969 1854444454 1238381751
                                       578986523 809838518 3048724931
                                       3784887601 3207060473 1742580944
                                       2794823968 4260652961 812115145
                                       3485786504 4234691040 3411537767
                                       1758902974 838826015 1483324020 78739600
                                       3814022430 3733769557 1745349396
                                       1381894540 1272624589 687267511
                                       406728119 1677460344 256022704
                                       1218539931 1919517875 3327308289
                                       2257837152 119548457 1705524633
                                       1820513494 1711113626 1560728904
                                       1984379497 1387453875 2914010640
                                       2621010001 3248333910 83635093
                                       3427756069 3253170785 2237197921
                                       1619579311 4133180473 1711268256
                                       1642053557 2413388786 2669412135
                                       651517907 3572438043 1046695252
                                       3383387181 913114075 1977370632
                                       1142311772 3149528149 4268398813
                                       3396561616 321494521 3972298520
                                       3617535004 2681129863 3227982143
                                       2545925434 1429442428 3069904654
                                       332409440 2374730822 2060854145
                                       2904307961 3746316600 3461528256
                                       838176698 2390322924 3434939799
                                       2220385733 2396643841 910932450
                                       2397813619 3925656001 3809150641
                                       161592296 3252202837 3693630805
                                       3699591870 3244748710 2886681190
                                       3298346881 3859206065 2762649853
                                       3845161954 1639514071 204585682
                                       1827823558 3524718382 3699601240
                                       4270973448 4168995352 532717736
                                       1627691333 1291662413 2787952567
                                       1440994658 1659230647 3497433161
                                       1961467732 3147928461 1446716074
                                       3648108096 107353654 1000375658
                                       2016806060 124347706 4203510164
                                       3130565115 3592207735 2554743715
                                       2758065727 2165788662 2139153119
                                       433956738 2300332799 2111886255
                                       4199519850 2001221539 4039537061
                                       2465908247 2309492383 3469279618
                                       3377133640 2868610367 2767511614
                                       4154567599 940401947 784773526
                                       1960806182 3537605785 3387179215
                                       3107847888 2979090647 3142742253
                                       3590534768 1067679073 4135614530
                                       1319955840 1129722666 3851869850)))