#S(RANDOM-STATE :STATE #.(MAKE-ARRAY 627 :ELEMENT-TYPE '(UNSIGNED-BYTE 32)
                                     :INITIAL-CONTENTS
                                     '(0 2567483615 624 2147483648 3363052177
                                       731128000 438794985 1290453438
                                       1812877486 1557266862 4079537648
                                       1239829232 4049186579 2801209770
                                       3422503916 1789736423 590560374
                                       3170250474 3413533945 2287283371
                                       3544885992 2952494132 1784940721
                                       1188649736 4165306907 3998540979
                                       3032636030 2988496223 3983155747
                                       1546524250 1684920667 1472814424
                                       984488792 1845041974 1474180980
                                       2836548297 3994389532 775490865
                                       166411045 13038549 1188876800 1850982222
                                       4112686540 1743709452 1334393453
                                       1353211391 3941550747 811123497
                                       744515630 1144645009 3049724906
                                       774950622 3990571950 3257964767
                                       981338400 1998864114 2749311895
                                       3279126226 220977250 3623529943
                                       2993477618 3331110410 3845756046
                                       2857461091 3280936048 4165617895
                                       313900302 4091997386 3827116123
                                       1272165141 3616977655 2697757119
                                       3333045276 3278774580 3834182885
                                       2819999122 3478374840 4153573874
                                       825005864 2635664617 2276387633 25218887
                                       3023869421 980754627 2653883980
                                       186531354 1892779756 997644221
                                       3906312478 825785449 4029692870
                                       356791030 141509476 3446517405
                                       2177420133 2353334908 1200785490
                                       2520371929 3342083702 3539591993
                                       579099836 3091903260 2716852020
                                       4069102567 2352518991 1007625676
                                       2652458130 3598316606 430715030
                                       378936375 3374417173 2484645878
                                       1243302542 866466684 978608722
                                       1202422564 326131348 19582914 2208060311
                                       282938613 2931566950 635853639
                                       3323644019 3000124392 289352687
                                       1294760056 3577820056 257367867
                                       2621940636 3941726663 635096671
                                       1262543017 2867090495 2928191775
                                       2633314327 2131966672 426768013
                                       1522047732 2186912823 4149822887
                                       1196388725 3179932759 2378052617
                                       3512534146 2847680843 2310879579
                                       1205061927 3523067273 1716658902
                                       1347029184 4105847139 1891626617
                                       3951215589 2887798734 3280029995
                                       2475189400 2894392883 1402007265
                                       4209048401 756732123 3458157652
                                       1231728633 4660014 2949179068 1599509098
                                       2810319602 2882488671 2618983645
                                       2633252089 46317220 3149512045 344477976
                                       3408884463 2127223885 3293136848
                                       1686639934 1966645670 660267084
                                       2279719058 4251593291 3703583012
                                       4014591616 965976736 3207129824
                                       2874491707 2327532035 278984469
                                       700406562 2721412484 1584068286
                                       1418956395 2599078195 3883895701
                                       3220705492 4034643598 995436609
                                       2787015567 4191975382 3151933780
                                       1477607427 499905380 171892386
                                       1936059397 2926005763 2950392549
                                       1977268937 1931218858 2580017292
                                       3631509035 3765182253 2883192470
                                       932979937 2252731547 1954968871
                                       3679449401 216588944 324952600 884465474
                                       1224281903 3684105721 1335578245
                                       362532017 2533652407 3215354861
                                       3338252588 3360590302 895889712
                                       1919658824 894128635 1390347829
                                       1195195982 1194779119 1069036866
                                       2356946240 3683012418 2383331817
                                       3400669017 317713142 3111639097
                                       1078443719 147508969 3873211383
                                       2964820470 354908617 1946995058
                                       2958061193 740983292 1900167004
                                       4031448498 316797267 4238579158
                                       4201643580 897950958 3076129666
                                       3450061976 1180993417 3637749766
                                       3788699879 2739792920 102939894
                                       763446810 3863385652 1979545592
                                       795413757 4038293507 302797660
                                       2806615417 712631657 2463399179
                                       4278146492 3770729189 3645849300
                                       72874801 2594111887 877600257 1295184585
                                       1916702794 475739724 1144804364
                                       676243685 3269337806 397996992
                                       1078898903 785724943 962545078
                                       3703151599 2451271721 695528887
                                       3997805587 1969229252 1190678958
                                       4265069331 1259927709 1381016957
                                       1516216502 54103638 581845725 89670941
                                       1704717615 4036217139 4087306790
                                       4084477520 4247525366 2786554734
                                       1279201159 181925430 891836210
                                       3207622985 3097963211 3306303261
                                       4232085447 1088300881 1914407271
                                       693749760 2608062887 2433511623
                                       1566857734 1745436574 4097661027
                                       366491192 3597005606 4121096452
                                       4036460786 586342070 4018523486
                                       3871608661 666228630 3062525759
                                       3642684283 1217323976 3443377114
                                       3638330680 784658987 1731358559
                                       1012735845 1195582903 2276915976
                                       2610199433 415298049 3200264765
                                       3298986524 717415239 706998764
                                       2969090791 61363976 1689943592 359684493
                                       1420328092 2753609238 3659332575
                                       1992289916 4248023183 2647925682
                                       1812841410 4222593387 1511938099
                                       2151807972 3249816465 4282762681
                                       4099198799 1606695633 2534456781
                                       3567910284 2784076014 106976124
                                       1963120261 297386238 380161314
                                       1891322453 3167103654 3207880139
                                       181287226 2029959522 1343544710
                                       3665048974 831973305 498728209
                                       1014270785 3871581126 1814971917
                                       2513499995 4057715240 125416671
                                       1158783434 1724037092 2988524992
                                       720368602 2318307927 2475648463
                                       1433572624 1704413742 3600529005
                                       1959986911 907143882 3192800978
                                       855958817 2394990002 2205280097
                                       3951320192 2433046241 419975499
                                       4282686798 2713727917 1374784382
                                       2396797644 3836987122 3028802541
                                       782794906 2955955458 1827724401
                                       1905266281 2092855180 484916764
                                       2980737172 3332628311 1290669790
                                       783085761 1664828617 595461095 93323851
                                       320585657 3493364633 3717881435
                                       618776870 3729823341 792693262
                                       3597478799 3734524621 3145286078
                                       297141325 2615770676 4027546317 8647695
                                       1980150917 2358079519 2214371959
                                       2637408926 3577773527 2652295107
                                       2290284529 3597085919 2247538942
                                       974435629 96446860 1390420172 2913402161
                                       2182518148 3830516448 1829827714
                                       1159769111 45021966 2740815419 591426372
                                       3081196876 2122722562 2726974101
                                       3017256896 2943237471 53407922
                                       1473512070 3484069754 1447974140
                                       3099457561 2129674634 2446272249
                                       2818875995 2174253531 3955595173
                                       3319158298 959379253 2417352731
                                       3658753577 1082944473 3498824601
                                       1042061840 4037268157 1231166166
                                       468658571 3960683986 522452000 404937019
                                       2552351978 1126087279 1945134067
                                       2853950513 609683609 1037680857
                                       1280930659 1552562933 3074064472
                                       435740182 3280914463 1055031124
                                       750168230 2837966654 1853348319
                                       2704042929 4129666833 3448468982
                                       1031389523 1897602207 1927027387
                                       1520753673 3303038836 146420832
                                       3350076240 3622431371 319246630
                                       3707401748 1186253948 3856276484
                                       2797141576 138051285 3465033690
                                       2644403876 1743518456 1270027957
                                       1924702722 2873375205 1906537450
                                       2331817187 1684735098 134312409
                                       2059450177 2763454819 1909384462
                                       2452123297 705181373 805278042
                                       3592945589 244202053 795681298 36870289
                                       1661599591 2490625087 3147664576
                                       275207868 3429090421 4169790648
                                       2136616286 1707184040 110143676
                                       600341849 2340637289 3724508949
                                       1393537765 3870328811 831757639
                                       3036601360 2719998294 2561587622
                                       1753695961 2303611852 3281228092
                                       3329241546 2568563118 2590012076
                                       1147836518 706674410 167901927
                                       4232613711 3749232641 3621986748
                                       2760775392 1997614858 3384976456
                                       1369338895 3917910284 4278478458
                                       4107605691 2957863075 3415730623
                                       1205149006 2093506266 617281625
                                       575154034 1475355572 53524967 3472498333
                                       1826430896 396682428 3203455547
                                       529229344 904554228 1250406294
                                       2797101045 99695900 2547686398
                                       2236895343 1251839879 1388939080
                                       1263291533 3099908977 3329357160
                                       1536596763 29222057 67666217 2656612161
                                       1587158550 3345480006 1149136237
                                       1639868652 1370370532 3710297476
                                       4091912881 2035912255 3642226157
                                       2128931473 1148325422 429476818
                                       4188562094 3979663053 3623545671
                                       2400061122 2030476539 3596585533
                                       737470502 1542211201 3780066360
                                       3990593777 1447956649 4281211177
                                       1056874569 3623230340 3464775964
                                       2851865402 3157860903)))