#S(RANDOM-STATE :STATE #.(MAKE-ARRAY 627 :ELEMENT-TYPE '(UNSIGNED-BYTE 32)
                                     :INITIAL-CONTENTS
                                     '(0 2567483615 624 2147483648 1403016960
                                       2872515694 1383201657 1083169814
                                       826479785 224892912 3872168650
                                       2595648773 3122119248 593051833
                                       3492158503 3573908952 1903910531
                                       1638377704 1348944580 1649435061
                                       1663211080 3736982925 271023920
                                       501208057 569802263 4117312638
                                       1679809864 81084827 3794035976 439110286
                                       1694208807 4184419348 1232270512
                                       1065018566 3001157335 3007099458
                                       3754402411 2110994394 3323711626
                                       2467097582 323571048 695529783
                                       3086470124 2730016092 211273883
                                       2504111177 1030703579 3153844715
                                       1747613671 1241967814 1569665875
                                       999114241 3412717468 1688696049
                                       472970427 1511915632 3809561789
                                       3413073891 2081911268 250042185
                                       2551410356 2435276913 3656271012
                                       3957613128 1328066214 785368055
                                       3533542394 4238162490 83690269
                                       2776704592 931208316 1739891713
                                       1450543160 4118933583 1329030765
                                       3023151986 2866193125 1273328364
                                       185145220 1216500109 1570026905
                                       2824671279 904305841 926848082
                                       2642894385 823668866 957082348
                                       2865645027 2667491012 2226025701
                                       1636199878 3940030357 1604491483
                                       2141282262 4211554041 1001253582
                                       2037889992 1315822312 2719002918
                                       1602027588 2960798262 1245576775
                                       2114822603 2967446661 2418284345
                                       3078287945 1764790462 3922250599
                                       3974061939 3650998463 1641071343
                                       137312288 2384409029 2297967667
                                       2428388968 3599237583 3977065273
                                       2507359104 170148632 2949324695
                                       2742684705 3798741567 3188935665
                                       2924959555 3292397166 1057335524
                                       3848670417 1791038577 287825090
                                       3354713149 1565513591 3251194801
                                       2699078834 1024366556 1804476854
                                       774610968 4007008372 409749998
                                       3518855003 599398824 3322287239
                                       4024921456 694118212 814183712
                                       1539741276 1480653175 2728997699
                                       1667905212 2689569561 385760997
                                       1400671123 3674347442 2154048494
                                       3135063132 2988669844 2007995663
                                       3914188389 1832121139 221281568
                                       2558645440 2217676972 2119204644
                                       341232212 2147523826 4065723051
                                       2352859784 1479635791 2077583169
                                       2316878764 2631632207 3828713714
                                       1680300733 548757178 1330054514
                                       1425149541 3176022037 1185203186
                                       3982395721 4002819152 4092999049
                                       4030993301 920838074 819418095
                                       2554462693 2230048307 1214455233
                                       1045470513 3620264427 3712847372
                                       1931733087 3738412695 1727118672
                                       1830394272 124105094 2213215644
                                       2728819763 1304243546 1416424854
                                       386714416 3727201670 2357692078
                                       738470109 595281062 1423315347
                                       3394345311 3474122191 677078685
                                       3334086841 63958179 3157124967
                                       2101926337 2257861231 427994895
                                       480822472 3114242156 3939827077
                                       1880875565 1938426663 575881733
                                       4071963152 2998594636 365034746
                                       964974888 2587521266 1443358027
                                       178598999 2054700907 986295760 685166067
                                       2719739990 2889588189 1529039450
                                       4068789596 3202588116 22607036 242891300
                                       3113605812 2136005109 1328549844
                                       3840718217 2254847814 1347424932
                                       583648204 3267123097 3434793014
                                       2219106798 3368732503 1119951253
                                       4028413010 2846492099 3270785000
                                       539029749 2860637797 98963942 314021281
                                       1603924736 1772073817 3431757250
                                       304709808 3194193751 2770056040
                                       3690673901 2707371486 1460785450
                                       1683691249 152810255 1266795382
                                       1032152877 2409785108 1703872913
                                       2459457568 632559861 1168706885
                                       4067346043 710641097 1302607536
                                       2669538732 2452130472 1716842070
                                       3174471935 3040746784 2898490149
                                       1698415260 3975124325 3950215792
                                       4046442586 1223737266 1071541695
                                       2280795763 3775865407 4192730245
                                       1854975563 3562548587 3552462178
                                       1954616908 4079709311 530173737
                                       4023139205 3069856342 1026995453
                                       1355861587 3512198945 989356197
                                       2688234388 2454113147 160615221
                                       2958391179 1762632591 2928451197
                                       170557467 2136414152 166951686
                                       2031458907 3907196632 2447400534
                                       687311729 3098453593 356364073 233323262
                                       1638868182 562835374 3066563868
                                       1779095318 2598494936 3016398394
                                       1233242645 3691467231 434114440
                                       3571508199 3766239678 3109147401
                                       1599031511 3633437089 192664055
                                       2639483949 1951707133 2200331855
                                       463303077 853984776 2289851497
                                       3676556078 4087985681 3756444503
                                       3853916400 3234403753 2899774175
                                       4192507985 2690545096 3884467131
                                       558434398 3288284810 1984911462
                                       3469699010 429793874 866327092
                                       1404634384 1570056457 2852325153
                                       1269553015 1498890988 1494458774
                                       3311239732 571497888 827079819
                                       2118652134 2966696058 751887926
                                       1992721972 3543479524 2107312705
                                       1690983832 4147206897 252398411
                                       2893510867 1037907527 1997015295
                                       1990428122 1177717428 304538244
                                       1599489555 2867260190 2974303574
                                       3542113313 85210306 3212797149
                                       2220542548 903211114 1561065561
                                       2051935076 2754623432 3879093015
                                       1244578328 523762484 4157230894
                                       116425204 3454515340 2180077293
                                       1728987944 217335643 38886579 2536611841
                                       4124945065 4046335142 4141253740
                                       852071888 3094736920 3200847705
                                       380915112 3218928411 1797986022
                                       1230157092 3699927598 900867270
                                       218923681 4280324262 3543599336
                                       1705522641 2664576854 234523727
                                       2734166758 1458617830 613211334
                                       1673592948 765405573 1721510878
                                       291837908 2681647262 342132914
                                       3421724014 1199604717 3002482937
                                       2092241598 1997473111 1970336254
                                       572785325 76792437 3799965250 1486957130
                                       3146234635 3189460417 1544021101
                                       3120763853 338700266 141231520
                                       2164137407 1858335989 1085389574
                                       757184125 2158035067 1394450476
                                       3536051421 727087103 2684889273
                                       998541941 3057121592 2698939476
                                       3769367443 1944547647 3290754681
                                       2678825393 3110285074 2547164387
                                       3638590015 3989014423 3688323550
                                       2785841966 3183481557 281021142
                                       3847897662 3875089268 121983073
                                       3615729475 1139072558 381979244
                                       1389435155 1519661038 1319064876
                                       1700770792 2641122865 3261427738
                                       270802549 1813650623 1382807843
                                       3411202199 4000059235 3027376197
                                       1541141662 379118969 1478028193
                                       2619430884 2865071389 3174601993
                                       2320404445 1807732125 228235708
                                       3613239314 1713609330 4207114448
                                       2532611499 1461704761 580618622
                                       1695768642 594244960 1391615823
                                       2422839622 901780641 2206215213
                                       864019439 2484127237 3818824122
                                       4202876327 3572041764 3496559456
                                       3862474599 2442913936 1499095392
                                       13478874 2251017553 1478769310
                                       1711857343 1800577422 3948558861
                                       384137867 2104423794 2243800837
                                       3194456485 3527536706 990953970
                                       1667638383 1999696812 315880435
                                       1332320175 484716491 4012558945
                                       3871109630 1809907891 3455001261
                                       1077966157 3383280595 3789889639
                                       214773027 3379584681 2908173150
                                       4212276024 1505188169 1113539405
                                       3998335924 1560987807 4283783694
                                       4264143472 2010557694 1630785166
                                       646438371 1727469577 1069715405
                                       1419947780 3136273915 2191423790
                                       1278341819 678668357 3495490808
                                       3296011166 2292717750 1935007027
                                       1873241830 711384031 2095683489
                                       3271644481 709477178 324499364
                                       1457693462 1167796969 787232055
                                       1200610913 3127682653 3070995378
                                       101448276 486555678 2272343382
                                       4021011193 120120758 3404354940
                                       4222562236 1516911877 229705525
                                       2590190521 866525667 1205738942
                                       187519788 3221832437 834943690
                                       1287378870 3507353990 4155844178
                                       1776609475 3225241346 1800705955
                                       4177873743 516814129 779645332
                                       1775475792 3883369037 3850274005
                                       797491522 3807677056 2131019155
                                       3666438037 3928524053 1180462380
                                       2442417496 2120894175 490732971
                                       1409781652 1171967566 2274012537
                                       951714144 1645148884 1857661517
                                       293794892 2909886226 2953664508
                                       2895566300 978260164 456373809
                                       1728204009 154640374 2967224007)))