#S(RANDOM-STATE :STATE #.(MAKE-ARRAY 627 :ELEMENT-TYPE '(UNSIGNED-BYTE 32)
                                     :INITIAL-CONTENTS
                                     '(0 2567483615 624 2147483648 3937716411
                                       397620740 631171540 2553659364
                                       3782924722 595225756 2137769116
                                       1974555774 3144843518 1374693377
                                       2804141775 1503947208 2014645909
                                       2225870526 2257946591 1018110921
                                       2777778934 1800162948 3864107163
                                       3787050430 2337352177 3458484219
                                       575791991 764173067 926185568 2724299649
                                       460857255 2270709511 1224451462
                                       2891701860 3867780199 2820054729
                                       1891078576 836142540 2020260355
                                       1128009622 2870881929 107406078
                                       2260448275 2784367331 1932075030
                                       1468959350 4147180398 2402589490
                                       2893522730 388319333 3677929832
                                       959591851 1307793455 1722034246
                                       381324437 1236117715 1744160066
                                       3675738930 3790025514 293017335
                                       1964230706 676574995 3274952387
                                       3258282689 3585628060 2536161054
                                       4140043997 2446139647 3970908257
                                       3815262091 1539145278 957964678
                                       4292103447 2199728590 56544412
                                       1697494832 114507867 611810784 792882458
                                       36697634 1788198594 885564443 160246082
                                       2969485601 421463394 1733409762
                                       1220888190 3085377022 3471569842
                                       2192840669 2339591726 3279649722
                                       267058591 1296172976 1616114195
                                       209532374 4199919309 3444580014
                                       2493912989 3686723073 2748781434
                                       3516556953 775765920 2143872491
                                       2729177398 1298294249 3039947209
                                       2760872768 3808289171 1480067298
                                       1543562001 4115372116 1215494412
                                       3276422056 3900450850 3484638011
                                       2551710211 2639865320 2177846837
                                       4165610637 1295817561 1056049240
                                       2372920112 1017858888 3486305659
                                       2677330175 4209864246 1125597350
                                       2512187415 3762531467 2831081966
                                       2434100153 2746859148 437563855
                                       1050158900 250007549 2724465795
                                       2419634867 350711975 2205159546
                                       254759861 4208701880 1751244617
                                       4044233214 3496891533 1853842042
                                       2677231493 768049321 292607177
                                       3788710220 3420928896 1197825113
                                       2059661021 2126505397 3250236228
                                       1219580646 3123548785 1910835268
                                       2881489591 3462080470 1206691420
                                       2747429851 1538391762 2533366414
                                       3744686200 3417976007 2843729359
                                       3985008472 53393581 4087434640
                                       1300831973 3633827340 3421915418
                                       3253275676 2404853398 3579219246
                                       165861907 1322026385 855147424 543155603
                                       4269579769 4017814082 1748121787
                                       2255778015 2414973134 382021111
                                       3643020810 3966472048 1259485454
                                       827929794 964407938 2150199172
                                       1925428196 435890834 2452704158
                                       3486534622 3811849038 820024967
                                       2090013933 3279780228 3163835862
                                       458779024 2908742705 2583708761
                                       4091373944 3261996858 539218101
                                       2983228296 3516038224 2306324646
                                       697283224 2621966959 3273770647
                                       4210906530 2626681537 2012368090
                                       28573294 2267066501 4133969182 720958835
                                       2438907912 3536096123 3061391505
                                       788727994 751083813 4175064898
                                       3612285672 2546194950 1612773181
                                       3250064148 2740081460 3729495429
                                       4017890098 3269064278 2869644162
                                       575268218 3081628845 3379204130
                                       4200130672 1705775634 361779134
                                       4005442684 3744375036 96938788
                                       1002722632 1086780945 2244940892
                                       691762438 1914887550 3899010942
                                       2952501140 311563186 3950580946
                                       852263126 3931499862 2363064972
                                       3640053516 4139753893 3289224965
                                       196229402 3989176488 4183683633
                                       1405257935 49862626 4238822662
                                       3941757178 782810208 3289386082
                                       3882410527 2799326667 1803050274
                                       4022287983 2014817405 2032061028
                                       3256767717 1705213763 3527997617
                                       2123540728 599632906 2947386199
                                       533049860 726276605 2614498990
                                       1454091090 768165526 272667137
                                       3036963298 4052282732 2878216056
                                       151321881 1257376612 992290316
                                       3173736170 3069033438 2197838099
                                       3823591011 792288407 1881741211
                                       1031769747 2776977148 4112471461
                                       3829328653 839041074 2924356803
                                       3181941628 4217963639 1335761687
                                       1555901714 1101552285 751068302
                                       1563323315 2952005522 3139426158
                                       3839246687 2296484472 389636165
                                       3604588798 4031582128 564187237
                                       137162990 539613594 2426301809
                                       3379696919 3343542753 737918504
                                       606496388 2864003134 1984533676
                                       836352103 2201252105 2461463185
                                       1745239957 4178010591 682566860
                                       2629625536 2071513766 3620163103
                                       721560113 1255865778 3195609257
                                       3775284164 1414104692 3237019077
                                       434423670 775189839 655426190 3565202771
                                       382145149 638308617 1915909795 839302779
                                       1237569210 189939464 2703518383
                                       105017504 590589451 969282717 2422717341
                                       2427686191 3102062842 1776214968
                                       3198416788 3241061437 1253106641
                                       4224191027 4266446002 3400103185
                                       4160480174 2175643171 1824193247
                                       1625946494 1580404757 631920956
                                       887922203 1295889212 1485336555
                                       2075911867 1037222343 3529560053
                                       2940752520 1211561601 4087110807
                                       3217452169 259632109 4255798239
                                       3589018506 2170698047 2361351094
                                       3165373626 2992630087 2926815665
                                       2705191704 2095669908 94759707
                                       3283657774 1706798892 988046669
                                       2118726189 3689123500 1597647373
                                       175939879 2769786292 2655693727
                                       3585909596 3479111684 3669843375
                                       3847017787 2769038911 3244651208
                                       859999250 1663060519 4047848067
                                       2017510134 1488647415 507692704
                                       3541540707 220380390 2064437168
                                       3167036477 949791393 525233554
                                       3187141704 3737932912 2453933746
                                       3358736093 1440993839 1034158432
                                       858579040 2656972302 3462429700
                                       3139496205 4259853779 396909217
                                       1527577579 933878127 2297777938
                                       2642799688 2229039122 1832969903
                                       999589661 468630659 3279629692 976557236
                                       807584846 1461695885 598522316 529677324
                                       3895818790 1066843726 2419999553
                                       520231797 1223136483 2617083557
                                       4028275068 1068882235 3363277005
                                       2437413695 3305628849 1257975546
                                       3088923206 1153863810 261284499
                                       1719872720 2979843108 572528739
                                       3970045909 3641832658 3540830683
                                       2097980371 239450601 2134879983
                                       3060331792 3299717931 533528621
                                       4022110816 2118387491 2668102189
                                       1440983728 1072747779 3512502299
                                       4214981044 827010454 3073907467
                                       702925303 1032053291 3264288785
                                       2364902337 1248488513 3134490076
                                       989801444 2209575385 4170933481
                                       1073751169 2856132110 1253745255
                                       925474199 54787669 3608955692 377584876
                                       1625477263 664679350 3146672303
                                       870587872 271001311 3264780407
                                       3155296329 3321998839 1657120461
                                       2679089295 3850602768 647860688
                                       3126599914 2478369497 900202693
                                       1496667359 1717321398 640439745
                                       2684570927 2226245783 660498078
                                       2411736629 607223158 3444147932 79163396
                                       373162911 2493162143 1949906559
                                       314170372 2428947532 2058219952 77311065
                                       2229164554 2621830176 1971623069
                                       1235038246 2832277517 195982062
                                       487408804 599859136 170361768 3399851443
                                       3314478320 3335839766 2956618416
                                       823098689 3040614070 3942267605
                                       1304478259 4277690437 3666094836
                                       817512764 904356907 3485710451
                                       2069616829 2057370841 2332060649
                                       2165185940 4221660022 2941296061
                                       4094458840 1171240261 1810358806
                                       4046942033 83597023 1004101285
                                       2899470896 1948334558 1209178199
                                       4133242377 4148944211 1142346319
                                       2928360070 3201505406 217470507
                                       3609147528 711192416 1438677261
                                       3092347480 4123389394 3875775330
                                       1614279722 3644230067 1045209477
                                       1321621414 3216432267 207534633
                                       555428586 2552825591 3020619609
                                       816440101 588765377 1316541863
                                       2590001851 192268689 2332553131
                                       2948232384 543149187 2480658479
                                       1134981268 3969993941 2806193493
                                       3673200313 67642934 2353275589 905899013
                                       3010730787 1765976556 465304691
                                       481282292 1970348861 1252310998
                                       1641537638 2428502338 1921360241
                                       2025832987 1875592490 3486103038
                                       1520506225 3315689914 1713763156
                                       4049148447 4151649016 1151249133
                                       1312837562 3469148550 661287936
                                       32617553)))