#S(RANDOM-STATE :STATE #.(MAKE-ARRAY 627 :ELEMENT-TYPE '(UNSIGNED-BYTE 32)
                                     :INITIAL-CONTENTS
                                     '(0 2567483615 624 2147483648 2739628556
                                       618335955 4148472264 4258187430
                                       1646318603 879643581 2671533715 16046334
                                       344038395 4249789244 1500416108
                                       3495214715 448803426 462246466
                                       2600009175 4014069988 1292732989
                                       1256054144 760361377 1769100787
                                       1890891024 4107167465 87992280
                                       1785118155 2249622356 3511487245
                                       2004939998 2796082395 1331860454
                                       2728136893 3839337845 3634452964
                                       3083317681 656537853 1895289758
                                       3119609669 2039784783 1690417896
                                       1607131789 370026384 2942091154
                                       1365059500 2083856596 1259965480
                                       1110397520 2995703915 3028638400
                                       750869722 258118044 2801881632
                                       1936732134 2130794274 1577470056
                                       1303416801 3037561373 3942715452
                                       534981714 1925706621 1141279753
                                       2218350651 1648267073 2527797654
                                       2377247228 2167992616 2000006602
                                       3455314861 184923427 925065405
                                       3952480418 1846388512 27576915
                                       2861273386 734984173 902192873
                                       2029698392 1990002361 882699969
                                       4197453674 2761699412 2164892727
                                       3988643287 606470605 3684178353
                                       623494632 3490928984 1559742294
                                       1763397725 3750573778 2246505561
                                       2752519216 3587781010 583284720
                                       1612127690 2168631222 2774387970
                                       1987291573 2020555994 2928072712
                                       2027819311 2409812035 614654181
                                       3020449753 3315789677 2372970596
                                       2503165343 3385878479 3695670864
                                       2492356050 1855901632 3150126449
                                       668978849 549342646 3043664442 300010953
                                       207938425 108828250 4280468345
                                       4093141024 4256317003 3719580301
                                       2249329354 4294793843 4041448164
                                       1513457217 777744807 3731784517
                                       3371424540 3552802618 2180613449
                                       3743992284 1388554021 2461568001
                                       124007133 1906575064 2304596660
                                       3769825960 2936811206 3639967399
                                       1263254808 2937035675 3811731956
                                       1759509250 1269019614 479142188
                                       1636062775 4096516301 3737412853
                                       2526277735 3507498029 1772273889
                                       542493420 3592516001 1844462961
                                       3839715011 3015573437 3948371554
                                       595701371 4116487123 3060994038
                                       1666157363 770114810 2028574023
                                       3671199080 3551974750 2216002585
                                       3971399774 524078981 1820787828
                                       2848734312 2627796731 4048364657
                                       651339593 168387391 3710642669
                                       1536473194 3650583732 1854399400
                                       3959654916 4265249545 3401707489
                                       4152774598 2569878364 3924325979
                                       3142657642 1628239448 838434044
                                       1301272274 1155272079 1973750659
                                       914486749 1144765788 3649045680
                                       311719210 2996813412 886587526
                                       3228096288 737235696 587742288 503474428
                                       2844185293 1220449588 16605995
                                       1855638793 98895930 2842403010 958199690
                                       551742875 2237385576 291827041
                                       4199645360 2637724292 1222374977
                                       3610822570 2671554479 3964492910
                                       865261899 3708885580 1058475749
                                       1863212875 3400170823 2702408795
                                       1451389620 863942842 2044456831
                                       3327313979 1390750659 553750704
                                       4285192299 3866409694 2402387922
                                       725628099 1021539181 4082222094
                                       3567353234 320092528 2849999791
                                       3768076785 4260142357 3592141814
                                       3371083006 1733537722 2450876779
                                       915706826 945987985 1626077469 990016170
                                       478341382 952777536 1380496061
                                       3578301042 1243722206 3401450548
                                       4018056897 1836439178 2928536902
                                       1872631704 3628414256 1268653580
                                       1401265654 1506761667 1798038906
                                       3385311970 1104695668 3094142304
                                       671535966 667907523 2013768798
                                       3837626773 2999461284 2077162741
                                       1728960151 3297178537 2619748678
                                       442484610 1026931406 1056680315
                                       731259087 4092972319 440976502 589481305
                                       2076038616 3250549972 1617616198
                                       2555756573 959177520 3120240178
                                       1552789040 2713340084 1876456427
                                       3449944054 3724133438 3897420907
                                       1771260129 3550335094 3194382216
                                       1890879093 3070354867 853836947
                                       1106001784 1300732271 1034305055
                                       455041140 1008338226 164013370
                                       4002018149 3161474336 3453012670
                                       959982029 4082943111 766660526
                                       2566220815 3083790795 2800244285
                                       3416277222 3544022851 1384228206
                                       4280266845 441086099 2561007040
                                       408827980 2335524237 2889408115
                                       2356624535 6512316 377099594 3208170321
                                       1443056262 3055479107 3284281101
                                       4029359317 2545318624 2717539748
                                       2869183615 745681513 3309121339
                                       3683264280 3501023826 1251682333
                                       3159041211 244188999 1539024118
                                       1180175172 2396051182 1827974156
                                       2387792334 122114341 3689140664
                                       3153273881 2410876056 1234913033
                                       909032417 1191921634 2196250362
                                       4167679014 20461307 2362178937
                                       1587640630 773807348 1224219659
                                       4030230490 719348078 2515320087
                                       2935785045 938165386 3285678296
                                       2946979139 852826835 3326660210
                                       3267144547 2448293462 3123533084
                                       1304919575 934595545 3007215813
                                       3465428709 3753644750 2293766128
                                       2609140725 1956398600 4139012686
                                       1978444342 3439644045 1273652252
                                       80049218 3319876877 2708146059
                                       2303334253 243372067 3605969843
                                       2300374014 2283074933 3574770856
                                       2764423327 2215001798 623922313
                                       4004133730 3724236108 2548349110
                                       437353661 1167820936 1646162636
                                       477856789 3001959370 2311772733
                                       2658631529 3253193158 2427324252
                                       506053682 978422483 3195989986
                                       3644279490 1258914791 3433153186
                                       3920022769 2662232372 3090531987
                                       1289989578 3859957444 1396724981
                                       2431803881 3001587101 869338287
                                       1634086024 1137943329 1887886873
                                       4042006474 2871304429 2769731243
                                       2945508337 3821047036 4242051539
                                       1113521470 3419486155 2947885942
                                       3494148380 1944055526 99626678 169125091
                                       3253583313 4020575785 2374634783
                                       3082539616 706935744 684737225
                                       1437299459 3709524153 306815184
                                       4031808006 2507293586 2702502867
                                       2875407855 2111299689 2044692656
                                       1334768179 1482810978 1198472003
                                       1066289724 772721023 2867506346
                                       1997027713 2537963332 810034501
                                       1446920980 559811926 1258173109
                                       2823085744 3062131592 803801121
                                       2400992441 1824772690 482799950
                                       3821915885 774719842 1674220557
                                       2855832432 2050135054 3764673211
                                       4104429440 1452058920 1051476701
                                       1362319503 2196049301 3486513326
                                       2118287906 2739171016 1807112158
                                       1011673427 4107369499 2015700931
                                       2534695575 236889957 1019005141
                                       3131933150 879517632 2764164939
                                       3806245987 2677634867 1003261951
                                       750665243 105757629 2425523872
                                       2054031260 3035790809 432287197
                                       4189576041 1469122478 4047764537
                                       3370974124 1821620988 2390952726
                                       4037731897 1670089641 2472115040
                                       2957510029 741829109 427378170
                                       3217323287 703950890 4196926068
                                       2597305451 541410256 2163725078
                                       2785081626 907339875 1855778093
                                       4069155240 405799745 3734792679
                                       3384856277 3293718213 1308895396
                                       2498466759 4026823264 305456994
                                       2579609924 3406891384 133444215 31027599
                                       1538438061 3666511523 1267727422
                                       1228945101 2048509399 119336215
                                       2227689091 1667316264 2850157038
                                       2554251834 714942168 2375539601
                                       181588182 913570624 4266108892 861614270
                                       3041256888 2030841337 3886274763
                                       2067741766 1818115703 3795302227
                                       4151782676 3836293629 1177123763
                                       623051138 1451897797 3658647800
                                       573059928 3125666204 805066215 633444114
                                       3809395968 3389267997 3019898282
                                       2684343341 2950177500 1843380428
                                       2397900881 4293645420 554409372
                                       4018283243 2531284447 2728741211
                                       2874143663 2598870413 1645607165
                                       2320377351 1549213439 2981737490
                                       1394387506 1954133944 3387257761
                                       1197755587 1502983641 3158300755
                                       3405301720 2691525247 175976696
                                       2188389104 552470272 346008459
                                       3190608441 1962398139 3966562145
                                       1459422262 977671999 1029060855
                                       573769308 686949269 2680036416
                                       3591110466 3913997309 420109220
                                       1248698724 118538581 811625902
                                       3254422519 2500120356 1316423352
                                       482946445 3261172206 1506599369
                                       904597574 2651786597)))