#S(RANDOM-STATE :STATE #.(MAKE-ARRAY 627 :ELEMENT-TYPE '(UNSIGNED-BYTE 32)
                                     :INITIAL-CONTENTS
                                     '(0 2567483615 624 2147483648 2600952828
                                       3149639220 2792142293 2908828275
                                       1544550642 2510812058 2521853972
                                       1009578604 1386403697 94184743
                                       2181954240 2331253057 4132239945
                                       326008709 3104231728 2797038995
                                       3772075902 1743734957 2992604276
                                       1431284056 2326315308 3453039909
                                       1206785131 2353215906 2046697935
                                       3409077472 2944347775 604290842
                                       131174548 704235914 311783444 2494316281
                                       3616996086 3822605333 2543317210
                                       2153936382 433518677 1406479084
                                       3481325092 2030836373 2225238440
                                       3810977444 2730090264 359820643
                                       2012591473 3607968731 4009326243
                                       3398509032 934165539 3506747010
                                       4049798022 1240134728 2713622478
                                       924994599 2259444569 2789528122
                                       1562995372 2519048732 1523497855
                                       710256129 2159195892 89695637 1131553235
                                       1657189070 1486743413 187077337
                                       1953175380 379270800 4100958581
                                       2974385335 2146221813 1863805877
                                       2996671004 423309156 1788849563 63079481
                                       3882168957 778862408 119951137 530838810
                                       2901232387 2323632598 3483967873
                                       1739308519 148610695 2920277493
                                       1903443620 553083391 3758780228
                                       1109056939 743358216 2130991736
                                       1748109401 556721639 320992845
                                       2321736237 2930528737 2043482531
                                       3158751991 3484198238 1272955345
                                       2145868067 3280090018 484001468
                                       978029194 842022090 1132299645
                                       3256240266 3565703358 1766042620
                                       1732467592 807957734 2458853079
                                       3342155966 4020225463 570992317
                                       1528629914 632389533 1466618515
                                       2539976496 3063575462 800054736
                                       465957171 126971699 3239720892
                                       1405812232 1128762114 379344511
                                       4044986673 2187237058 361572153 93636358
                                       437439849 1217130852 3007532508
                                       570992729 3098583704 2571635763
                                       1438451182 4005840701 932680079
                                       1007372392 1006193693 4208793913
                                       132740589 2063103306 1284559477
                                       2466023927 3983231231 1331697625
                                       2797160789 2265561241 1572765843
                                       2966840074 2708605585 2811248403
                                       2003182443 958958791 1734288692
                                       3508012273 4006885920 1193208673
                                       1795866194 2903611932 2992567725
                                       1896051430 1278659285 4146029925
                                       1984344038 4007572418 2697751178
                                       3030329309 1873291895 2123281550
                                       1042371409 2646050705 2202697932
                                       1200860357 1289604674 4102034867
                                       1300459362 305317358 2562146636
                                       1318840240 2507192970 3015139123
                                       2270140225 2758290772 2856724425
                                       480486905 419462862 2838762859
                                       3054790495 692421916 1743425463
                                       784122912 3402526940 3250331828
                                       1274750745 1506062739 156144711
                                       3413168611 1629367384 1066754300
                                       732053261 20801598 2727809878 2535447765
                                       1502066217 1913930078 2377844814
                                       2354204432 2047482129 251965394
                                       457554403 946579474 3323884965 119511547
                                       1150836140 2202139314 1272637559
                                       1353029429 675614086 39840768 1482934773
                                       3491685812 378001748 942192214
                                       4202170064 4230207005 4217372930
                                       1375199582 1495320139 2016176553
                                       684083366 3658590587 1483235281
                                       1762628942 176365191 2325783750
                                       2795441361 3562947827 3430700907
                                       2241637772 277354031 607115095
                                       1256246038 2704551771 3170603739
                                       107180027 3436106801 3271265687
                                       2708339331 500490026 3757020046
                                       3944404851 1669663758 1959052988
                                       615235769 901100033 118841875 2814349324
                                       2576721669 3150245029 2981433270
                                       340953835 2510441772 3857623209
                                       2993543318 948196104 4112669018
                                       3379699052 7345083 4219471938 2204517157
                                       318034685 2515947326 1489997671
                                       927686151 893100850 2054854780
                                       2597337869 4130168605 4283347083
                                       1658157520 1216273018 799833073
                                       2521978655 1435021815 80597629 578218739
                                       3008892524 2747441897 833388643
                                       1418915420 998774687 2521661984
                                       3599341849 1810301332 2534811486
                                       1024286724 431452187 2076304255
                                       1466362375 598312454 2805247830
                                       3191234966 3327621386 1579128173
                                       3060346009 2015493468 575775593
                                       881070486 735423387 1305450376 819584366
                                       945454042 1441757196 3280128301
                                       2041979442 4059928592 2363879529
                                       3936185771 1747507971 3037148359
                                       2502632141 3688503755 2793100261
                                       857890425 228140376 1752014581
                                       2539910830 2715293681 4125752213
                                       1175559876 529854907 4231569088
                                       1755735066 769336630 2400048166
                                       2007404488 2724353966 1185715773
                                       4233432304 739700659 1677788429
                                       4058042104 3209962990 572079001
                                       3525513648 3316769595 1219493301
                                       2441862729 1584631620 2204272874
                                       1332277749 590542556 4279837893
                                       2137807596 2848334802 4166156213
                                       3799461072 1134654113 3328869534
                                       2225351654 3747359049 417509903
                                       2558539413 3662654659 1404878187
                                       1612027825 2602158482 4259587876
                                       2458560177 1682843656 911041260
                                       914483322 3106550902 3377644398
                                       999164381 2096188727 3896089662
                                       950439259 3280215896 1348522196
                                       3283918281 3594484497 2381014476
                                       2267765439 1896123022 851938338
                                       2821459018 2657849829 3205316010
                                       1499502983 3540078719 2976535251
                                       3133387949 3304002544 10094742
                                       4280742875 4045813982 91378810
                                       2564042365 166670709 1219125963
                                       662693858 2578847636 2321352753
                                       1294432185 3883821482 2806116242
                                       4072947345 772821904 766214116
                                       1620171211 831730094 1630038017
                                       3178200299 2684795584 2020238912
                                       81789452 730500837 419866283 1424812978
                                       2091409404 4101162415 1297992832
                                       3240654255 2174133745 3565070285
                                       1686038582 2298231165 4107857704
                                       2372762962 112658137 2070892449
                                       4231691224 1264996461 3981786731
                                       3040410001 884908426 3677416468
                                       1289693852 725205526 3216309481
                                       1837665921 4282930840 1171890121
                                       884471328 817305661 2934681645
                                       4056186766 3632628739 3560314281
                                       269204043 3791736354 936401729
                                       4177742282 3628663682 3274922749
                                       4040265046 1000670188 3072190957
                                       1705185716 3014713960 4248797298
                                       1630060172 4070482479 1393471376
                                       2868732624 2923517394 4068133997
                                       3134272339 1212157557 554991691
                                       1730189695 2017804212 525962836
                                       1934612142 3256889053 3187652310
                                       2724741433 3099359372 3034310643
                                       3294397858 3150770483 1087968341
                                       1937848362 2246241903 90905835
                                       2507778484 2230285488 3686698907
                                       3910707193 3703301305 3494412487
                                       1742748952 3425237553 2965128098
                                       1489553877 51328623 122243338 4094628141
                                       596402828 586803480 3959557224
                                       2533145891 1389687174 3461310225
                                       1850891315 4294470429 3976901663
                                       373106836 4027912413 619399514
                                       1499949800 1403762641 22076464
                                       2693711310 2399592786 2762909746
                                       577936163 2212062779 667046443
                                       2350522377 977131474 1557642092
                                       3882317461 2032614683 4011718349
                                       2613792835 3265003288 2420387384
                                       1364192499 2977830137 1223022807
                                       4050345224 630235509 4116256841
                                       1287780344 2375708771 311834091
                                       2695874192 3294462452 2515682481
                                       3382084310 2942617887 1411538768
                                       4060024936 2298183631 1994880617
                                       3660574134 2241264821 3015268278
                                       3179100565 527799730 1301692609
                                       320062809 2193005293 3198409981
                                       2010715948 1477555419 2810513035
                                       3306524133 2722345225 3109679708
                                       387595211 3212483793 2635620288
                                       2162427356 1522974627 4023920160
                                       914542921 3238733955 3057970971
                                       2216553720 3475853513 3068917847
                                       1346817487 1690131009 1280879596
                                       54049340 3900171243 1841680911
                                       1245511193 2847049263 1155986184
                                       1714340963 4181029986 3507386953
                                       4099322552 2522759129 2931212971
                                       4288499416 1032336609 2683137647
                                       25884878 1203157860 2288477132
                                       3929167626 1686803564 1470467815
                                       3133997451 3412233013 3252681782
                                       389894709 2735852222 2845659995
                                       2776246016 2458729881 964432973
                                       4280618593 2604271734 2258595039
                                       800381575 2928752545 2024056317
                                       3916885268 2730348016 1169704709
                                       1078793740 534192480)))