#S(RANDOM-STATE :STATE #.(MAKE-ARRAY 627 :ELEMENT-TYPE '(UNSIGNED-BYTE 32)
                                     :INITIAL-CONTENTS
                                     '(0 2567483615 624 2147483648 381669400
                                       1041224278 3214257282 2631033033
                                       1274232500 3523894779 3390269942
                                       3470540261 1265555166 23059376
                                       2324953874 3103235038 2443962605
                                       956042541 1164923174 4266671854
                                       3011022931 2156769882 3611614481
                                       829135211 3585809751 4068928005
                                       3564942618 2598882419 529764005
                                       2723119346 3595316983 2766135124
                                       2225521059 3092732150 213224915
                                       1532934304 4280403399 2607085845
                                       77964327 2100034294 1788636937 338670245
                                       2433585021 597848515 3415698337
                                       1574840622 2149921487 890046089
                                       1037744403 3139776494 727629095
                                       1597531160 3528178176 1018691650
                                       4115070104 1325345563 817587087
                                       2701410502 3587271548 1175169262
                                       402899841 2516988807 1613735959
                                       574715652 1962224639 471013628 371572875
                                       1608267900 3958362218 3172066326
                                       1351516715 3953770465 1574351463
                                       2031685043 3498948062 4022549139
                                       3029478276 3524133488 439914720
                                       2630491193 227655552 4248414734
                                       1112819623 2562963118 3135949596
                                       109758834 3004483446 789738648
                                       3707216923 2155687738 1550422973
                                       2578428276 1539474029 3610552122
                                       616999581 3394985914 2635685673
                                       2004280168 3768857786 1636974833
                                       2340104505 3701214492 2394531950
                                       2396553133 3073193413 296454386
                                       2044894245 3919266362 3737200254
                                       3720328198 1515953517 3411293720
                                       3628701936 2055502471 4102100155
                                       1084869342 3225205092 533132901
                                       2503333303 1723549680 1729710970
                                       1975459977 3387472899 3626843520
                                       3562505939 3108320548 2253324924
                                       1614745956 4113891402 3258868792
                                       3598824023 2403759433 1061305696
                                       1268846228 2026796452 254339374
                                       3307368118 3526030641 2378045774
                                       3738788447 2984032231 3463681488
                                       1403265693 2417882305 94782847
                                       1656200647 1405202013 2253028249
                                       723637338 812633223 2539250539
                                       3917924585 3745001768 2192249224
                                       733092744 1183431083 2194766309
                                       930460505 1547350735 94272264 3525349702
                                       2831688505 3307262053 730258773
                                       2325312605 3890490112 1807013889
                                       1350252513 2080608293 106047649
                                       2098871420 4026254534 2531369416
                                       1398588055 1310422701 3375970373
                                       38369002 427980411 746496940 2406693815
                                       3717173523 4164923660 2917172158
                                       1115424786 2976172997 2223770220
                                       2265138854 2961941679 4108418601
                                       1227979229 4041213546 2389404447
                                       74926300 4116018193 4003560420
                                       1341865498 477920121 2761506723
                                       577842380 602037797 340116699 3429521004
                                       4067134146 4071122637 3976544183
                                       809716720 2374491370 1437042266
                                       389665118 683100335 4004255709
                                       1750191422 1231315355 360119918
                                       1894146942 544906372 4220360908
                                       1345600466 3491597629 1646686037
                                       706291807 4170378303 1021206121
                                       623266537 3070159953 1101870338
                                       3599327121 2909050612 302495547
                                       1445762446 768728968 2222004468
                                       1167052668 2219441804 1637682496
                                       1415428832 1098397480 137725765
                                       2485853079 3242847181 2469492621
                                       4193746681 2863541981 1825979277
                                       3791113578 4105445571 3880652105
                                       4014033257 2340331155 2682430974
                                       810337687 2940587729 3105700914
                                       3203770683 935716768 3262132368
                                       3266201889 326384007 3520677887
                                       2447767151 2672440352 3906775076
                                       94490496 129383751 1140266947 621746023
                                       1107358818 2556786680 1693870657
                                       4132782878 2189236872 1204795923
                                       2284575775 3058586833 3359877938
                                       1320835934 2384561071 208885096
                                       4003074543 1836705965 143226777
                                       2308802273 3934963405 3439713867
                                       4213284347 3754024250 1362791519
                                       1020031590 432045647 1912854766
                                       3680666826 3214894863 1901870571
                                       1579175554 1118496692 2560418737
                                       1400044913 4007239824 3410958657
                                       977649263 1485554671 46776513 372842184
                                       386610867 749645091 50221073 3238493279
                                       108323982 885097721 2957916314
                                       3861451105 3233678814 1020758208
                                       3039177298 3463145366 2587043025
                                       3008626941 4284186655 1644756242
                                       2601036550 2394952742 817020595
                                       1321369963 2850342982 3122067664
                                       4224400806 1246145072 2658291392
                                       2747680556 3017665681 1620348931
                                       2601523288 2855611552 2928297522
                                       3439265220 1177746404 4120643960
                                       2236204624 493643966 1321983997
                                       1571831781 150077032 2055855717
                                       1711235247 3080982614 6977601 3025222330
                                       1178839886 2704796302 2182894615
                                       150098128 2838254290 2528312990
                                       884440937 4229626151 389500918
                                       3759621670 255731054 3528889861
                                       3488180714 3932493342 3867830528
                                       1109079245 2249915049 1222263131
                                       1601481762 1531044410 1556748088
                                       913315687 4185176562 1745218742
                                       1016271507 4025057 1297772907 3336515842
                                       809833093 2228486504 321122118 600065345
                                       2923291206 149920454 150916162
                                       2308025453 1762009646 3217479424
                                       4059899248 667952025 960770155 14141181
                                       2360843808 1306370904 1351811861
                                       955427243 1785924506 3157011158
                                       4045710383 117445423 2615278688
                                       352694430 1874169525 4238216932
                                       2281421602 2714449690 3235166894
                                       4242231659 1072804211 1664325591
                                       220083758 3483073275 628925222
                                       2239994074 3820793131 1616571180
                                       782128491 923556748 1143765211 886334731
                                       960948473 3776802417 690520546
                                       1582281535 1007487119 3561932687
                                       3997829172 97751829 3465335867
                                       3823857736 1048650370 1269803390
                                       2847884692 4155670956 1886591504
                                       3985272345 1056422963 2302504213
                                       2133588936 2777550805 4090174832
                                       1513247604 398689105 3441763703
                                       1676846159 1761923245 3760901632
                                       2082218950 3657350124 1170185658
                                       3382079817 4065208926 1554598407
                                       2622829777 186057959 3880127066
                                       2802605070 3112519498 61850977
                                       4245389181 1504950261 325117148
                                       4022504989 261499972 2471821309
                                       4170802874 154406696 2077579495
                                       1637644476 784374352 798244246
                                       2407501902 1915218301 3749085847
                                       442280228 1608799216 3956576365
                                       3244509483 4055324650 50547207
                                       1038084343 1245044720 3341235746
                                       2224126753 2019207642 269595131
                                       1963148138 3544418954 3303005494
                                       3124511417 2035185758 168879105
                                       3320357183 3826309840 2596469672
                                       1097187660 1940725073 1776236101
                                       4168405319 272576866 2734140939
                                       3519495604 2183801687 824436725
                                       2556988949 2192936989 1158101324
                                       3258110704 579574203 2373137794
                                       3029830305 460436680 3968510801
                                       1327991915 4053230222 4237152793
                                       2165100025 2824678170 2193344888
                                       396958731 123696805 3744691461 632670891
                                       1104727427 162586178 686468384 297579295
                                       2246764884 4011993080 2860830105
                                       2850350784 670379109 177023494
                                       2755952295 1740696041 3001315937
                                       2766939447 589414338 944222132 213711503
                                       3399603417 630746630 4122205548
                                       3133972586 758975030 4207718313
                                       925005985 1207417954 3596271945
                                       726028986 2536525417 2837123361
                                       2621420119 3512023755 1583642466
                                       1969202783 1534464244 3525560534
                                       1977849196 47019627 3602231617
                                       1766146781 4143526498 4179974640
                                       1940542324 1836053470 399132801
                                       617806965 222427348 244293330 2667450742
                                       3889950261 1790223133 2889639728
                                       2730771093 804942593 1646184879
                                       3142747536 710719261 2679455375
                                       438289444 2323360002 568182977
                                       3639828277 4023259019 3371268426
                                       3513125467 1488286787 67069097
                                       1350395266 178527460 1245992942
                                       2017043465 2757229328 2638007738
                                       3038035220 2484947849 1608843724
                                       2218038207 3059815914 473508989
                                       2518296017 2460801906 2567699416
                                       3727905257 754247463 2319121125
                                       2035913401 2743849430 3543958321
                                       3930482269 3386461084 3267228750
                                       1085595727 1722127971 1353491463
                                       1232915060 703359896 1289074404
                                       722786355 2967581300 2571839917
                                       2319242500 4023942736 821246880
                                       3505224376 3348104203 1684182056
                                       1900766092 26361435)))