#S(RANDOM-STATE :STATE #.(MAKE-ARRAY 627 :ELEMENT-TYPE '(UNSIGNED-BYTE 32)
                                     :INITIAL-CONTENTS
                                     '(0 2567483615 624 2147483648 3512932821
                                       3527222436 2073233944 12580066
                                       2246729433 3203973682 3447877634
                                       3576451319 500852623 2342241470
                                       3414459113 1981939377 1138779698
                                       1665256647 2070637829 2559013662
                                       695137542 1454245564 3797619051
                                       806035210 1484989022 3817534882
                                       450485280 343544297 733462751 2124368541
                                       21233363 2589452034 83746920 1609551427
                                       466675977 3608128445 3758747263
                                       643590660 2453600741 2283230604 61026260
                                       3442823189 1546165336 2536564860
                                       3737454968 592543892 3065648853
                                       1132474226 1572896531 1592640042
                                       3286455978 4280296891 4214920285
                                       2733322098 925290590 666336722
                                       2927972269 2230061497 3269074026
                                       2896406478 4028802301 4217064588
                                       1135723195 1288045967 630070407
                                       1932942983 564662365 956189549 843802792
                                       725731796 3506053156 182848209
                                       2773003905 4212092904 2560886873
                                       3654057369 3601354330 396816904
                                       4064889881 1909331605 3384868031
                                       1034665801 3684982802 749979365
                                       1837802430 541398847 122926097 655014850
                                       1075595797 3668262362 733651921
                                       3330195978 3244333150 3933844602
                                       2665115663 2952192787 2333018687
                                       4010838903 527740040 636161250
                                       1731263857 2306884795 3090637038
                                       1314848490 532883086 2893275559
                                       788116809 3976495651 2523772561
                                       2798789113 3959049345 2720354875
                                       3052340118 2742958413 2870348878
                                       1617908723 768986217 2556109624
                                       1707830393 3655233166 522211555
                                       1756904696 833097489 1310995990
                                       2114911700 460402149 4157336506 85742146
                                       3084466435 1211982727 300785450
                                       2298631216 258076471 2782814059
                                       2996112680 757654510 420856533 972722669
                                       1156369655 4145143041 3858726194
                                       1984742241 3392208348 3141628605
                                       4010546984 1777337124 3224650402
                                       1142607020 3618067543 3519373061
                                       198225953 3029761656 1661182513
                                       3039873387 3776623991 945299328
                                       3635727229 3467693594 3180491668
                                       1927376871 3310544286 1569020553
                                       2895578472 539952505 4095573497
                                       3443073293 3475165802 3110381559
                                       295813521 3061436045 3823043863
                                       2277062677 3261061198 643286504
                                       3296639307 20487624 186732286 3152729654
                                       1455988441 2427928338 924975817
                                       1107588490 1698017654 3610692599
                                       2971383313 2667872892 439621255
                                       3534755084 1160908936 3496291441
                                       15162035 2893446133 2222323062
                                       2901755725 280788796 570411062
                                       4037837688 2516185552 2803094795
                                       2512469278 1934732002 4157843739
                                       1636198916 3600421966 1899868084
                                       742920473 1621751169 2387177511
                                       4038322364 461831501 1498244962
                                       1451345201 1791709674 2862690598
                                       3076415039 798951495 4242861679
                                       1226930047 3100117056 4157612896
                                       3716630988 3712394394 267098009
                                       1753373819 2792566157 4023367341
                                       2449051154 3300225400 2741594813
                                       3962972675 3156307498 3636292354
                                       4188319552 1602448108 1101594688
                                       3785693272 3651948194 3020420147
                                       404966768 2814081679 2414731320
                                       1949955969 1621295517 2237819310
                                       3401161902 839800752 3240231228
                                       4090423369 89925113 1271074738
                                       2175634014 3130988069 1476778870
                                       1652698977 2212851530 1369578922
                                       780147945 3422947496 2198613206
                                       637851853 3307370190 98234922 2290001910
                                       593963527 441860479 913321860 108356404
                                       1188564265 146020901 3068932758
                                       1018338817 1031027031 2965291630
                                       917376547 318768830 114816328 4270138668
                                       1439403232 1293100797 470225429
                                       578772398 997796962 1094115568
                                       2385804527 3674708095 2299705257
                                       168944938 675585329 2273142147
                                       1837843356 519904960 616757663
                                       3108337575 216606336 3465502611
                                       3329039795 4262205510 2325726304
                                       593877840 2973260796 2098853422
                                       716248563 3561259798 2447333187
                                       3761376116 1885984425 176304646
                                       3397946907 2727671850 2396108742
                                       157144722 4040101151 2324414145
                                       2168130934 747031597 242167840
                                       1618732183 3139452893 2231358826
                                       2826018051 1341877508 3556842540
                                       1105908955 1437715754 2931675243
                                       2010067501 971354137 2344259129
                                       1843495393 4251379371 4046309313
                                       2769319560 787734059 4172370946
                                       4126810463 3279578794 1209825699
                                       228227048 730478379 2388138924 434295946
                                       2714121009 2399509931 742245343
                                       2318978234 3431482963 1451805184
                                       1743591776 1637594478 1090428861
                                       2402327691 5100750 1089781507 2953339140
                                       1993027291 1992271493 3527050386
                                       3607115988 3811052543 3612960116
                                       113940066 68798860 2261154072 724289531
                                       910445801 2836199107 1960942223
                                       2177083556 4024572214 1076264670
                                       717017152 1638809876 1436380278
                                       653454397 1708934829 960324197
                                       3338839024 1137478602 1845347020
                                       4070377764 1183428430 3912148687
                                       3804042820 1933481720 1813764509
                                       1235892244 391253634 4020542099
                                       3820572681 1030410228 2052125305
                                       1552949904 1243054658 3793167816
                                       224772606 461479259 1325608605
                                       3784739667 157547625 1610755284
                                       2964110599 3966744965 3290645259
                                       2615332505 198735253 3673381604
                                       861982112 444668689 2069182921 668186291
                                       1884791577 1891212301 3178544830
                                       2072753201 3898480359 281533274
                                       2075114353 3652386039 786847196
                                       2355563302 738898205 4169773877
                                       1054790797 1639161656 1295608503
                                       3583586014 3423155219 3917940898
                                       3485209677 3035773193 3427401603
                                       3578980680 3559607969 4146741783
                                       1031813275 407033625 2931620230
                                       2335614735 1855068187 1221512297
                                       4249611740 3019085019 2823490127
                                       2359215682 1250227222 2924444607
                                       546926743 459903600 242961330 3645335512
                                       405912670 297351272 683035099 353230016
                                       1090326348 2845959695 4252409477
                                       3758901707 1773401702 365383763
                                       3066895632 3024868713 3237846043
                                       561863978 3532114941 4185913603
                                       1619301763 191387678 114048566 645194823
                                       2152790040 3462432169 1262414407
                                       3068621181 306599445 1137778895
                                       2435890085 606553764 2292854639
                                       1403079692 3291226765 4072736797
                                       3873375004 3480532279 1771033159
                                       1633784597 1943713879 2624658540
                                       679485022 1489378763 3624357162
                                       4113652249 3612645164 2263633344
                                       1426170892 753581615 767483538
                                       4234356633 3472222213 4143423925
                                       3622024500 1779755408 2609091754
                                       693614345 3223116143 3071294619
                                       2251772714 1005934847 2953619277
                                       1176214018 433570196 774797705 972107252
                                       1949859638 863479433 4112917702
                                       2586708295 2808966382 2746738485
                                       2238776276 3323687662 2231413393
                                       3289910839 455039798 3251348704
                                       2470660700 1973200002 546951716
                                       3136098646 1503281759 173037754
                                       433453129 1021836766 3323688663
                                       248484136 668941176 3347881480
                                       1851490010 2747533629 3393687961
                                       1596572643 2974502081 3482556924
                                       3046263499 3903213173 1792219936
                                       2568660136 2865107599 166159392 74889985
                                       1248196185 3209041671 3896726328
                                       2069380986 1928970649 868191777
                                       126747427 2362660126 681008851
                                       1899863200 492499678 84575475 2428011334
                                       2110947363 3755859007 2506242824
                                       1245381224 879174457 2983791279
                                       2341209237 1624718166 1602427148
                                       1138613721 2965646737 1759460576
                                       4064164155 4180331477 4239346421
                                       1437330322 3071169242 3321409329
                                       2365979620 2024181087 779410172
                                       341853385 890272066 2817556543
                                       2340065470 151776381 1764711665
                                       262442006 995496172 941442007 1201224308
                                       2965849116 1388595221 3133449827
                                       2363920649 1502065369 2641135720
                                       3010119780 426617182 3596734617
                                       3351854559 2534250982 2956773980
                                       4055626769 3652390713 403353614
                                       2590511699 3010562716 1335097023
                                       988350374 1991653594 2561517503
                                       3483046891 432281503 1368367451
                                       1048358217 1468071726 2404458065
                                       3363312427 925705344 614955169
                                       1833128505 3406269313 2703577268)))