#S(RANDOM-STATE :STATE #.(MAKE-ARRAY 627 :ELEMENT-TYPE '(UNSIGNED-BYTE 32)
                                     :INITIAL-CONTENTS
                                     '(0 2567483615 624 2147483648 4288156687
                                       2417630912 2769178842 1819534599
                                       1855084942 2255179060 3288439769
                                       921709551 1202422052 1782626677
                                       1815339201 841640293 388928754 670859703
                                       2440441790 3438661393 1303388286
                                       2241758569 139473162 178223999
                                       2398477499 672503776 2295970513
                                       3025921231 1776375522 1403478153
                                       1145216384 3617965373 1775154938
                                       2821366055 2618740165 990347049
                                       3179052881 2405088051 2743402389
                                       105014325 331738567 3035386764
                                       1363628906 3630987174 2465507370
                                       4187913851 4102433214 912294737
                                       2770089354 3799157199 4005469378
                                       1200732688 1303554552 2199130157
                                       3843456160 1490143085 3456239722
                                       1739818947 3887160076 2652770583
                                       2281463270 3601200554 1612389139
                                       2411693320 2349391646 4263443449
                                       3876122965 1454448866 2642830026
                                       908976552 425222658 3146579551
                                       2576481398 1079373295 3041203935
                                       219014861 1973372172 1822160149
                                       673440830 3976408784 1412842489
                                       1105266229 2327613541 3587709150
                                       362476690 207723068 3846562 29865102
                                       2890816722 1463827216 56571370
                                       1197750630 1206452786 3691723896
                                       2950068861 331485677 1675721821
                                       2503895341 1765811064 959175424
                                       783668441 2988953443 3693312582
                                       2871054748 374124512 144241217
                                       2061023994 1995809310 4225740974
                                       2576768860 376000653 835290200
                                       2383964604 643593183 3128612495
                                       2795495365 1931175697 648068297
                                       682056265 1344159854 4065230020
                                       1376219068 4049872201 496438843
                                       2221466968 2210356282 2131360708
                                       2471508991 1150745015 1575647731
                                       718207774 1089311169 1118858400
                                       1657452081 2684849687 795289464
                                       4106419554 883973020 3538381067
                                       3186927241 1010833193 2983250245
                                       3063434853 1347606098 1461327504
                                       272808508 1648291699 810257203 622458746
                                       2991895302 3299120343 3127036417
                                       13828298 2059430938 31809194 578042157
                                       3917373094 520098042 3680797645
                                       3059099601 4080872193 4001032189
                                       3062797451 2083140870 3349490776
                                       888087679 45874754 4050220943 3898183472
                                       1682483568 3666512295 914411965
                                       2502031233 2867896291 4017916111
                                       3047172495 2422223370 718445404
                                       754798954 2914406355 259289916
                                       1202495366 1045908804 858184774
                                       3807468908 1793221079 2635671241 9414439
                                       1438464697 298080565 3294928888
                                       3930050216 1677287661 2264439878
                                       3608338509 3659971898 2627620577
                                       215761122 1043874777 4266526874
                                       4013759555 3194017665 708908010
                                       1495507921 2385951814 798152498
                                       795775796 374078107 4248581883
                                       4019094216 2692748688 624781768
                                       1815524399 4205329305 2323434551
                                       1880557503 1403005592 964923857
                                       1227863383 3236407897 1204730620
                                       1591416094 998605852 3004176580
                                       4200616471 329788459 916316743 399266126
                                       578998275 587656425 1738665022
                                       3542310800 2404143705 1216963556
                                       3569295983 882236658 3381528649
                                       111708191 1972984328 20695704 2792902365
                                       3823190487 1806823159 1368398405
                                       3933270583 453113751 2832696028
                                       4193513079 445732308 3094437824
                                       2644287023 2254532325 4143896227
                                       2144845935 3828859682 448970207
                                       1873263671 181971249 3455601406
                                       3387139132 1477581408 2337401138
                                       2053803687 4128094586 2065113157
                                       2004407962 411808244 1610530722
                                       405317365 1833732993 595842641 974077160
                                       3408362622 674023094 4128629956
                                       724307322 3557651347 617354578
                                       1012341431 738023456 241937805
                                       1336339195 1293245890 4289177834
                                       4107040142 3812881703 2112553214
                                       92913875 3685785607 2477659299
                                       4007231819 3539313903 2996612727
                                       616213338 572319817 1832821728
                                       2600241427 111629208 3907063259
                                       974354526 1541408375 640987114
                                       2269593243 3323152230 3925444396
                                       535159706 3788472497 3414907042
                                       2102860948 412189118 238389251
                                       3981680199 2006116613 3341167799
                                       3943768707 2676926934 726770696
                                       268540808 4030892322 1796128000
                                       2129065053 3995247238 3769236773
                                       2376432686 2496970183 327922886
                                       2271968591 3980294768 4048333152
                                       2252560909 1579089060 907827247
                                       3097700658 2956668486 100228486
                                       3655010715 1412014333 3647037670
                                       1302239848 4019980010 2995432128
                                       4001878323 3225946377 3185427271
                                       2045967937 202486521 2780775859
                                       183296274 390353232 3765337827 438429200
                                       4121121383 3865255311 878358364
                                       3133584531 3595281812 579704409
                                       1777116630 700433941 3304106154
                                       3956556512 3421128381 82523972 4411560
                                       2089147974 1269266627 3847166478
                                       4153845811 2690021430 34125189
                                       3621766426 3836705138 306356859
                                       3184069046 3472785264 3010421462
                                       4246521292 1764566630 1156127663
                                       2966921793 3257374796 2843774731
                                       2447100679 3099306255 3192293922
                                       4271067124 3564627060 2480518851
                                       2617224749 2006021815 3957791968
                                       1621392912 1594507180 2350141773
                                       2683873060 2620789289 819792879
                                       2626898273 1183856485 1550493611
                                       3314810255 4147371903 654516509
                                       3144965773 3504015263 3363239623
                                       3837262607 2911853381 1233764602
                                       2018334537 703196769 1027463614
                                       3265818629 4029896642 1350237026
                                       3935207128 3190606184 4095200125
                                       4080242250 988205858 2873954827
                                       2244331325 2953936917 3828506538
                                       3382613382 1964177723 1736545711
                                       1686175525 4130589364 1099403854
                                       2570838597 3873456682 3252288678
                                       2226614235 2290165423 86260118
                                       1021501266 4256741380 3711179086
                                       1535968282 1260380641 1206741310
                                       1105093345 4035945779 1783047583
                                       2950107525 177079573 2150325885
                                       377942896 3292631990 2536132012
                                       4075373358 410388852 4227596282
                                       4132254825 3052398284 2355438125
                                       198421309 2542031434 487219235 649336327
                                       1103214976 1221801301 995634342
                                       4180144418 2588044507 4263121886
                                       476924300 506727295 20823066 1221279329
                                       3165118982 1227531735 2409133972
                                       4201416334 1958089200 2902992111
                                       1484216102 985150316 3397261300
                                       3431578022 2062151044 3914332371
                                       3106299121 1228171504 4170011689
                                       4016385131 3155355694 3404060715
                                       2034750078 1065999725 1506170968
                                       2616206408 1524717225 4103785728
                                       2853202094 3339729862 3295111420
                                       2877387426 743117167 3316729687
                                       3405138817 3968673407 3234931160
                                       774834194 3051291993 3306379382
                                       1874464171 3445559268 413279615
                                       3437954465 2046493551 303209096
                                       1612886296 86436543 3486082115
                                       4193277360 3734708775 285973986
                                       2234742080 3183499447 2761481651
                                       120316314 3610899463 2239779068
                                       278248290 2790204107 329398819
                                       2344112500 454629969 655099536
                                       2442580628 2156654609 3808804948
                                       717629519 935389382 1171915186
                                       2289552804 614790033 1643144231
                                       3473940622 397862290 1416844701
                                       1247970311 1066977536 1118609016
                                       2810133442 1017286669 833753277
                                       1589956370 3495072755 2641633680
                                       1359995129 2621657209 2822494659
                                       4018763168 1222999521 174658090
                                       3202563696 2614099689 1035437658
                                       4191860946 1780460338 1105366381
                                       139459583 4153352932 3067589390
                                       1182171118 3761372561 3055733810
                                       3267924389 2259423177 1149467530
                                       3129615147 2076552596 323140137
                                       1341509767 3397866192 3435938305
                                       1658628750 970758458 610014311 319620797
                                       3672581805 1726771389 365193356
                                       1843850506 3612709785 1616248105
                                       2585617105 1486065325 2365795142
                                       3172177395 1607952000 1606587401
                                       2586682983 2373418104 2552913265
                                       4037019373 959258194 2248883013
                                       138001863 1950945463 1560829424
                                       3731973802 2413204984 1791992495
                                       3763985867 2951035371 1452833117
                                       2108504652 2450853499 3629492170
                                       3060597624 3006087951 1874181822
                                       2666364896 3162597221 2210873881
                                       938101893 1610529558 4181728163
                                       1288369148 2114580074 3617481870
                                       507019150 141376966)))