#S(RANDOM-STATE :STATE #.(MAKE-ARRAY 627 :ELEMENT-TYPE '(UNSIGNED-BYTE 32)
                                     :INITIAL-CONTENTS
                                     '(0 2567483615 624 2147483648 1728468271
                                       4015494923 1996347851 2994275039
                                       2384656431 2770969590 1109806993
                                       1194444451 3088606050 4188384892
                                       979589096 3271794862 381233945
                                       3300364208 2075683439 3969124608
                                       3615117389 3214794043 3664104189
                                       2531411322 3855335272 3484033545
                                       2006097558 1572177637 3291313245
                                       4274390612 965224717 4098058771
                                       2599296242 64043172 3746531889
                                       2684375319 857235175 1420080927
                                       1181014930 2279022412 663980100
                                       2626049582 3185793168 1959034721
                                       4277756440 1738101870 1480997010
                                       1364804372 139261367 318854752
                                       3773913603 2996928961 2923982904
                                       3956857396 611187882 601928899
                                       3207530378 488710282 2448323502
                                       3301073566 717997684 3630631470
                                       807269280 887153205 3325906316
                                       3899309111 3689748772 145374250
                                       3932252077 1797526496 2613710863
                                       1225018169 1680276682 637936352
                                       2849973365 3677701478 201101960
                                       2468035492 3097660451 4195226923
                                       2926805511 3961791107 1482279443
                                       312749840 977184940 3203645766
                                       1951714253 337875616 2407936290
                                       2095259422 120922823 3582122807
                                       2765827465 3097702827 609956238
                                       3133147658 380102350 374202480
                                       1277173104 3429973709 2758659514
                                       300099777 3787962182 4143212756
                                       1980538825 2954864630 2166019880
                                       4004205880 854391054 489128032
                                       3207389363 3868922002 1741054729
                                       329111062 1930360246 1983829144
                                       1585772309 2378744865 961162690
                                       1731139984 3989392227 2777235862
                                       2937437985 3223851637 510677352
                                       4220299776 1726511222 238953098
                                       1664562331 2611973845 555364144
                                       1837501375 133229293 1662949514
                                       690091596 2667701976 1439452725
                                       929887724 1957397586 2125971360
                                       2327320457 1666889505 2944758898
                                       1100049222 4265157911 2935541948
                                       4120551815 1195491031 3781850618
                                       2332958080 2438407047 774372230
                                       1244051408 2461267813 350331907
                                       792271508 2241232276 3406844003
                                       3976531715 943184738 284949820
                                       2774184574 661326109 944750472
                                       2398734259 3689449431 2000949959
                                       3511008790 2015100802 614017987
                                       2899510392 2272002693 100782075
                                       2203485672 3309761889 543883627
                                       1463153454 356331204 2011815516
                                       3340197368 1769433533 866011341
                                       2328087519 1623196427 1811221600
                                       2802462152 1889075358 4064428600
                                       1320152505 4134461501 3151576729
                                       2774604980 1665591532 1571247040
                                       1608134655 2443739777 3168950894
                                       439928138 3020131000 3292902056
                                       298304606 2690799144 3996591095
                                       3558641401 3702262461 2800960421
                                       2297745651 3056532238 1392428524
                                       2583385347 3157887076 605793473
                                       1867311748 2462871155 3336357973
                                       2944715600 492452644 2011262828
                                       3075017610 1956347825 1457121747
                                       1173203783 888076638 196695748
                                       1350229564 2333837051 3440640245
                                       3623387349 841290661 2400285031
                                       1211684455 2779564541 643698692
                                       2450457258 3449747486 1259689221
                                       1304159511 2899854513 2599761381
                                       1810183860 998525045 1203438395
                                       1751007170 1157942330 788687221
                                       3948583287 508876291 3346672812
                                       1200867121 2846041062 3375459524
                                       2427382605 654919992 1675925714
                                       1175807634 499332983 3894226028
                                       134048519 1071593623 3840736309
                                       2661139310 3511132802 1906882268
                                       1347703084 1888113934 2695046988
                                       3215212109 4105623009 3914293051
                                       4199583096 1496629176 545414829
                                       1782236158 2691206174 322128617
                                       275487443 1395726490 1359335837
                                       1488989293 4225011151 1858735573
                                       3817600838 3666417974 1773533768
                                       4106437321 1675751757 2742413333
                                       3411084857 3246139749 2747787650
                                       1028080142 991008136 1344536073
                                       3936911502 3144720886 1976984038
                                       3481163594 3660276243 2790514665
                                       1869864499 613209180 4019661987
                                       4093046390 1097846641 444215712
                                       1613553452 784507687 3931072540
                                       1336618597 2482665859 775693541
                                       1975616228 2169792333 2432836996
                                       3848080572 130830941 1538381686 25597368
                                       2393514152 3385465248 26242237
                                       2860440327 1690718024 3499779959
                                       4086601840 658307074 2815419803
                                       168845727 808740734 2178158640
                                       2494721459 1961404675 1150204517
                                       314084500 27614534 2660425171 1996388195
                                       2997294753 3787833836 3772879316
                                       45349021 808459545 2731142867 2623577001
                                       2886237704 1870681918 2684194775
                                       1830445181 1449983537 3978824632
                                       908046780 3041333140 3723226029
                                       749119595 4253881659 563938044 519081583
                                       3307936516 4165511802 2425441166
                                       2697973543 2659501963 3594170489
                                       2284850235 3470305229 2841301589
                                       1201601877 1981218802 2245006302
                                       4183951029 1153432594 1029002111
                                       4157574375 1463186466 2425533403
                                       2472211005 3311992321 3399299610
                                       3107119908 763771065 4087325674
                                       2830681138 4117079059 559956428
                                       3582556131 980161827 1882606377
                                       2602832495 3655127059 277782104
                                       3666303685 3487874842 1849350138
                                       2863042377 3466668903 3683652093
                                       894337948 2501227540 3865934153
                                       2165609163 1628336195 2222336993
                                       246839219 2060350231 2610361400
                                       2539150552 2300186871 3319881897
                                       3109076033 298897216 3743846539
                                       2171803971 4190841739 552625868
                                       850280872 3962742394 794762861
                                       2595920842 1735197631 4263962871
                                       3559041385 508102170 4277042781
                                       2544466682 2046381305 605375806
                                       4248488058 485311088 1999096667
                                       2820537816 2471519664 2062293627
                                       2475818057 1603109059 2598929515
                                       1837168172 338868059 2051292008
                                       1441888411 3756691006 1966801820
                                       3879530108 3603675638 588346335
                                       2813816440 1025988966 499824631
                                       4168370716 1553700356 1008257791
                                       3344472547 182041562 3691591215
                                       1311736295 4189072337 3868300075
                                       1134447056 3352502245 3446765140
                                       652395071 1339843774 432137111
                                       2488585198 8253558 3353276797 4203806994
                                       4092728493 4276786116 2304146031
                                       215675781 2224601546 1038530505
                                       516003292 674094690 2535688204
                                       1558038279 2743468798 3545192827
                                       3751564468 3962297682 874198632
                                       1909204032 2163293334 2661913229
                                       3490641882 617630352 2582673009
                                       1971566840 415126765 365544229
                                       3116357508 1455260355 1147699072
                                       769095025 988131122 2199235941
                                       2394059905 550731146 625724203
                                       3231794131 2087657923 514406585
                                       1742238225 770989251 2910637825
                                       3764081762 2074992491 3854889532
                                       13128182 921806638 2300241839 1614800714
                                       3328075374 1076957464 3756122341
                                       568099758 2270409779 842332365
                                       2803971145 963447523 1262500882
                                       418693455 330945583 4112499635
                                       3336239576 2421795542 3697678033
                                       3517856106 2100723568 633626443
                                       3103662861 3086387813 2221113714
                                       2643285804 3584234592 1859933085
                                       1168008052 894030821 3746299508
                                       4234060085 1627362302 2996201328
                                       1244305683 2588046650 3820302819
                                       2541228245 844572133 1570578825
                                       2330782067 3443008346 3147886884
                                       1290051943 305662818 177928534
                                       1298205826 1818925084 2539535931
                                       1517135004 477320759 3881581274
                                       459240641 1128776956 1371387518
                                       1766093440 2619759623 4061424259
                                       4194345327 3940871681 2219655904
                                       619440064 3657730613 1921566138
                                       3758698599 590641758 2970959996
                                       2424769471 2945403907 2699069564
                                       2279518266 3294418905 3546895972
                                       3428196086 757805332 1117703587
                                       870497166 3640551505 2802699565
                                       3501354666 2587971262 3161353680
                                       2358606051 3373261358 2871572646
                                       504480902 3090405632 2645596895
                                       3426718377 3458625295 1692493022
                                       2220578091 1182865348 953081882
                                       2285172584 989286581 2154559386
                                       2440726858 3191114917 4284277093
                                       3664028819 4040859907 648697181
                                       4056805081 3445190838 730610938
                                       3509664468 4007163729 2232471517
                                       4032041078 3723139955 486103077
                                       3185851182 4103383954 1844661497
                                       2544763766 4214273151 145031720
                                       1641337369)))