#S(RANDOM-STATE :STATE #.(MAKE-ARRAY 627 :ELEMENT-TYPE '(UNSIGNED-BYTE 32)
                                     :INITIAL-CONTENTS
                                     '(0 2567483615 624 2147483648 2729894071
                                       3148784011 4273738952 560834984
                                       1580277559 2317593343 2796457892
                                       2535217180 1108177966 2795096447
                                       1186072535 4045507650 2911629584
                                       3656858296 851766350 363532466
                                       3509053600 1226231421 1728598400
                                       448999046 1172915919 754548337
                                       2214400109 691338635 2900034690
                                       1796816634 798405113 1314895348
                                       635809580 2148282879 630422112
                                       1817686165 1088894537 211893581
                                       1689980605 2354706664 1425142057
                                       1009909757 1943467466 3481074559
                                       3977508804 4011211330 2141652913
                                       1399545568 3852991108 3224237797
                                       3143778508 2852764091 603755935
                                       2486310768 2888344307 262388532
                                       2644888824 3760069363 2750598549
                                       140061350 1791833322 2351718548
                                       1931629940 3082284707 3996947225
                                       3882328130 814768040 1079767499
                                       3005929992 2691794877 4175312255
                                       3468847188 2189834132 1133774213
                                       2325903426 2377570304 200319091
                                       3439561021 1727029165 1686570450
                                       3602883983 672387797 2628267700
                                       3397020365 3164284325 942926003
                                       3985429774 3734678392 1122648028
                                       3492510312 3239404126 798971834
                                       1017854865 1756377704 2936639878
                                       1069363359 4087021470 1648507316
                                       2904478656 1368582625 480595830
                                       2438436678 2007492776 1782908946
                                       3512978692 4200733534 694022442
                                       2642295986 586724831 1518438608
                                       408045326 54584040 389259239 2245955245
                                       3395292475 2998187779 241912122
                                       1836864768 3997690584 2933459744
                                       73160572 4027126222 3832466463
                                       4013110671 2164010680 4171225071
                                       314361026 3302337341 2147951723 48609357
                                       645813647 1826047873 2143854613
                                       3991512990 1548213298 4253243586
                                       4116820486 1071035252 3593087512
                                       3247165482 519702046 2744286390
                                       2485371107 3466929254 535625025
                                       2737400497 2811988420 1174482932
                                       3711720554 349614441 3923290478
                                       3066936516 3414764203 533059882 42622566
                                       2435774657 1837104025 3638241613
                                       618645998 4197479078 212909131
                                       1603662259 3988437108 775297073
                                       2530603587 945564780 4076083040
                                       4239386490 347742624 958741879 727287178
                                       2429481333 1076788235 2067379264
                                       349267023 717015602 561693931 2756946182
                                       170166688 3278851381 3591261843
                                       1114791657 3497606065 1495545856
                                       3986365624 4007633351 1871507307
                                       2021277322 3118069398 2043435898
                                       3007434737 2639568834 1946236162
                                       3315014746 3024059056 3174659984
                                       2220625477 1258056672 2253582282
                                       3281949344 53222335 4131737929 471862662
                                       2638577142 309249739 1932892304
                                       1337767994 713520652 2770904496
                                       4193956325 1878334178 3207176365
                                       4094752169 1261913356 839703360
                                       661675776 2321391179 1814727619
                                       3728467865 4062997150 4150613067
                                       4096243739 4136657372 1247514819
                                       2222008855 3883267612 3707088942
                                       850072302 3313618812 3854972849
                                       837821500 3543993029 157172550
                                       1693896125 3392361429 564295557
                                       2149229117 1025464113 2384462229
                                       1310901205 55338059 1288902599
                                       4098625770 2686177687 1120756283
                                       1148857550 1103258084 4117143602
                                       3823491397 1553149497 3444928174
                                       674912590 3710381960 365756888
                                       1713637145 3282826395 4268534221
                                       1202165486 3443675240 1318117131
                                       2495882154 1163702899 2065586959
                                       1912093035 1847428851 3524026765
                                       2768052249 3274593675 843933553
                                       353324607 3649273750 1139982400
                                       1626515242 1760422450 2100666338
                                       1333920318 4045840168 3428546947
                                       2651907702 1552262975 2984826394
                                       1785705155 992964741 1693577877
                                       2656098047 1902934176 739090077
                                       2753123697 1488038313 1113795851
                                       1278172703 3438277268 401601407
                                       2011931769 2797266610 391429882
                                       1967117971 3829797524 627196601
                                       3747377298 489138076 1779938 3744821904
                                       1005009293 2390277697 2667971734
                                       3111858707 3549495268 95617239
                                       1122129644 4190963837 519027872
                                       473467940 2975745509 2118953475
                                       3788727178 1570500430 3931772902
                                       3639175538 2368046642 1880945453
                                       1009431572 4116008991 75435811
                                       1674459426 2433953437 1199270122
                                       1199230324 1324021819 1348584643
                                       344918616 2142148013 1117638111
                                       4201337244 1587503686 3449282186
                                       3136940649 2873671402 1511990357
                                       776524811 3555543430 4031730483
                                       3244494990 1892925746 2977839059
                                       4171492781 1395949845 3283514105
                                       197046541 27125669 2847291716 538489623
                                       2677273545 3343278703 817105014
                                       3046129750 718506976 1681992729
                                       1693105041 2178186815 3935759796
                                       2601245824 319959490 409953498
                                       1651449643 1312172578 2235941196
                                       2083294572 3334588379 84301800 404712175
                                       2792636515 1827227050 319404596
                                       3646412556 1596156857 148771386
                                       446358636 753247692 1956397718
                                       1199175752 79923033 2432514189 439142762
                                       3737032735 1654843421 1625470269
                                       2258600194 745899260 2880429506
                                       4083923873 3374539454 1900611749
                                       1072309659 2518631288 2723235885
                                       2648042931 1266747845 2709540941
                                       1094592718 3862727342 3012287992
                                       322915510 2996164155 3579313760
                                       4120922352 4073992678 1572945665
                                       2763918523 1912790032 1188068850
                                       3084644979 1152441028 554771995
                                       774250102 1699668054 2978862286
                                       508660862 472441322 872922469 3060597299
                                       2054075426 1388110873 850962422
                                       3923941043 3331886134 1521102128
                                       3937485219 3316719379 314259662
                                       3777031874 393081507 781976729
                                       3137391967 200587251 897547645
                                       1079426357 1961806858 2806383833
                                       3412236017 2150788521 2908253933
                                       1722168889 2073825470 2213971426
                                       3847734115 910432450 301753980 555598722
                                       3122487005 2921268501 1523030708
                                       1429490852 4019419030 1469938804
                                       319325443 1364933139 3483487760
                                       3592727262 2745769092 506502718
                                       3931854378 3073310317 408891127
                                       535612152 2271772230 3384484411
                                       1933034215 3229650506 2770833788
                                       3306126969 4059588301 82018395
                                       1315285445 3825221699 1134189075
                                       1087362058 2759490011 3419082697
                                       4154384237 1667165455 3573418321
                                       2462232924 3384191231 730286309
                                       294831062 3124743448 2644472147 26709886
                                       2322367375 2805295400 3273998259
                                       3707550239 254696596 1363597868
                                       641910607 2829874189 2779329823
                                       3907161610 909142777 1722547875
                                       2370473359 2123556868 1664596392
                                       2820113186 4106670771 2773092062
                                       3110669310 3615002776 2098456779
                                       4083397723 2023723503 2259490210
                                       3680127122 935275345 3918522306
                                       1954938563 2306350855 3890586953
                                       830365833 1451056819 277672856
                                       1696837413 2297732340 1608357321
                                       308773995 273747880 3871435208 437226804
                                       476357470 2840078665 4066752561
                                       2648903374 4294507474 3258749458
                                       856384871 967524237 3301054658
                                       3384338511 680561278 3611107512
                                       1165817733 2924316698 1958950374
                                       4055438499 1114822583 3889297901
                                       1129298951 1409861388 698916093
                                       1241827940 4010896980 2168031042
                                       1183355741 4025714679 3892383728
                                       123800445 1528626601 2551936063
                                       415363288 2464985305 694057100 298816246
                                       3615495791 3685994818 3553600122
                                       444709019 3751070243 1466339870
                                       2446748031 1282889910 1143083148
                                       658408779 3801529043 1668701073
                                       3624687236 562080096 86297255 1653765625
                                       352231886 2523267351 2780351607
                                       3854027436 1562249442 2136161921
                                       3990642505 2447565852 3930573624
                                       1909949061 2045360227 17254117
                                       3003769969 1908416205 1372408520
                                       3986549541 3685631872 61063429
                                       2870058919 865033370 2369746654
                                       865648832 2325706170 4176741056
                                       1064387856 3543464582 4103603016
                                       1410471860 108076517 3042354881
                                       1390913682 1890940257 997602526
                                       3006905396 213745400 3565725092
                                       794079394 4188612846 3913557543
                                       1256266685 2143564463 1569084544
                                       987014478 2508793494 3727486450
                                       2459917295 1884549241 2310891730)))