#S(RANDOM-STATE :STATE #.(MAKE-ARRAY 627 :ELEMENT-TYPE '(UNSIGNED-BYTE 32)
                                     :INITIAL-CONTENTS
                                     '(0 2567483615 624 2147483648 3484807966
                                       2167067601 558902684 1359485832
                                       1538114382 1080787909 3104215270
                                       2650381797 921279824 3077037098
                                       1268394459 3175544643 2232503681
                                       2460443928 1628559602 3230030270
                                       1374816564 1692405164 3499392391
                                       705108527 1431356890 1937224615
                                       1154918287 2606874379 289425899
                                       3778665141 2525747055 2182354146
                                       2748349759 1738116605 1185507816
                                       778962059 125242902 432670835 1279819563
                                       1928940840 1612870652 2422375886
                                       612232867 853868222 2015569210
                                       1479130440 3151989762 920975196
                                       160257004 3066370040 3288030726
                                       4256647588 146513764 2178867251
                                       335608039 3222710111 3188180545
                                       1240060583 3145945532 327827660
                                       1734679010 3952276276 3878434536
                                       134565373 497211663 549510173 2393943876
                                       3264202988 3616080272 3038728693
                                       1236593527 3582442072 2227365977
                                       3275153076 171862226 2104661794
                                       2700927366 1498100987 2881982644
                                       517646376 2136023303 3189029461
                                       287099595 1963966776 118191460
                                       1597809930 3518238432 1930640329
                                       2696516730 1539217139 1177764963
                                       1327658109 28269765 2437916982
                                       1555813307 937455017 2147912589
                                       1463775041 1704651101 2549655297
                                       3589468302 1853439054 3480112443
                                       1354879426 4289207363 1316599833
                                       4070366136 869301076 3700492228
                                       1936897837 58147001 4064699629 297323031
                                       324282086 3657948669 2187804050 79197720
                                       3428484957 2702432855 178226185
                                       1178903534 1915177103 3301667849
                                       1972156958 1432784274 113141601
                                       458046655 4155008660 1356438558
                                       2731021510 2155745062 1534858977
                                       1892826955 2189482435 2428076177
                                       3006599774 3263468377 2137098718
                                       710551306 1415198128 1541529689
                                       3640040738 897881433 1763945154
                                       1522840451 1969446096 2052054696
                                       144018105 2310454356 257936203 734816290
                                       3247233499 3959577445 1149737043
                                       794900472 3556419768 1147953140
                                       2332062869 1037822545 3057789691
                                       2441076466 2018431669 3070366372
                                       3253424819 4200829061 1564442253
                                       826665607 2802730537 3663883551
                                       3620097209 3860514106 262855467
                                       1735883061 1056843105 3752524636
                                       4117648977 889531921 3160479629
                                       4130541627 3332868298 2441214201
                                       4024305761 709303884 263400468 882842054
                                       3286366389 308086522 3870910488
                                       2451981744 1635353412 395898381
                                       2179760820 2182681833 79063913
                                       2091386910 1235366632 909502230
                                       2796350467 400918442 2558019005
                                       1162528966 61484774 3638549931
                                       3111018879 48264483 2503843611
                                       3598714665 1770797412 2808189816
                                       1912034666 3982840137 1597353977
                                       47631500 3193095879 4166327221
                                       3297404753 1247507237 917101615
                                       2840639713 19724513 1282852347
                                       2399941094 3714718329 2795874384
                                       222168956 2110722015 1779715364
                                       2787842328 1033393154 3701578250
                                       2209894276 2385049182 3444722235
                                       803696317 214432640 2967591027
                                       3679024269 847495149 2378546564
                                       2823206112 3444137303 803055122
                                       1724058016 2369906757 1994513775
                                       3858580969 1740260236 1838090357
                                       2983080126 2527489477 3056236367
                                       789701719 3767282526 1991238570
                                       2646934749 1898507852 1432535333
                                       1605858940 1691442239 3723771789
                                       4217917073 3041728876 2505090113
                                       1787864460 2289933453 1510793686
                                       1719801624 832497300 3696319312
                                       1160558469 1466222235 1946015502
                                       2402233982 2268815983 2443127457
                                       2546694917 574624343 2298870855
                                       3040640839 3556945712 2736549292
                                       964022654 688333318 2787119067 621472879
                                       4224390780 2274057293 4197535024
                                       375724282 29109902 3502265058 2884382636
                                       3940600266 1103518773 1327245376
                                       2405109405 3051032556 3544412495
                                       1695459867 1946408237 2290524588
                                       1653604481 369006318 1311729572
                                       1178803068 2762171135 2134746873
                                       2779178629 657981775 1816044329 26321806
                                       3754471903 3603074606 737824836
                                       3130501428 4154802040 3135958798
                                       1735179528 1543628602 848926897
                                       2776458540 2353720362 115431208
                                       299716114 405732085 3653570434
                                       1912882809 3997331139 2203836358
                                       1900456976 1083379309 592236541
                                       945058446 2677190859 2222815833
                                       2889034750 1868641142 2540148442
                                       1027646184 2652358982 3424908535
                                       2853103824 1859283438 466507677
                                       3012650456 2508464353 772917513
                                       2984420747 1997584999 335259315
                                       559862270 4285822775 4206016969
                                       1853744921 3838237026 2986572962
                                       497335671 1145398365 2935848030
                                       4252253508 1120001949 4044433840
                                       1297240631 647026507 792479210
                                       2876269666 332239909 3302513956
                                       3472169521 2966297287 1580221915
                                       4055551275 2603108999 2256747720
                                       3050524350 4135821559 2529529799
                                       1649934297 3885037854 1329274513
                                       1512767693 2030052006 135518282
                                       2609018716 504373100 979704564
                                       3111289892 3495237781 760134779
                                       4088559115 1221317550 3902830386
                                       2865836567 3938448500 1949492897
                                       2220782216 4086399182 687491486
                                       1655044365 103193294 2867808627
                                       940002751 2568084118 2903843880
                                       451892188 3847998778 3744846271
                                       280808064 360151979 2810104681 221845706
                                       2515357073 3559337185 3538183034
                                       3236020074 2890294800 1939736103
                                       3716302073 1603073350 586788971
                                       108144878 3335516875 3294697352
                                       3601377782 2760681774 3398394401
                                       1484452897 3207952846 327549386
                                       1068678767 3871159563 895740680
                                       412239432 1788515249 3980684506
                                       1295687171 2522499743 720550707
                                       4093404139 3877343350 1548333397
                                       3860049838 668951614 953283872 217626954
                                       3034761527 902365743 4263260560
                                       1954539962 431844042 2460997912
                                       1914973635 878353882 2738196874
                                       946184995 518887212 3991470976
                                       2688271393 480075171 29132220 363258503
                                       1963062404 482823862 3293474321
                                       3357887341 1401289981 3008683171
                                       2440279067 2767794514 3468345030
                                       3684234901 714968509 3595531063
                                       3596316543 2883910774 2868357804
                                       3885280461 1280123789 3951448732
                                       4076606152 1028790807 13347460
                                       3357933578 1005285880 3105045543
                                       476879652 2213197819 90082663 2500222763
                                       1795145661 203189182 2631527587
                                       4193399599 1985501549 985435526
                                       3111571220 1765818606 3028029708
                                       3713397364 1601944473 1981209746
                                       1001137533 714873886 246254715
                                       3543633058 3858972555 1288238473
                                       2001026487 805093010 1159944857
                                       4279839083 1544960088 2400834579
                                       2324245635 3417733540 1921963786
                                       3798047104 142911585 1808321267
                                       597617040 216623352 1220852305
                                       1407409942 1523907569 4192445324
                                       3698477494 4187148809 2787661411
                                       3616288159 2359713036 1173637781
                                       665443317 2419125178 2824847149
                                       3140069538 3670891863 2527091257
                                       3415012461 3992612579 1614333919
                                       2291610072 1519821554 4150437595
                                       2071841625 1920543105 871395678
                                       146592189 4082676521 1458594558
                                       2565159431 2360495317 1870334583
                                       857020507 3581344681 1424943233
                                       849687633 3995494864 3836018386
                                       2135105401 3408706233 828426926
                                       3756250770 2799186463 1494846839
                                       3172358528 2209309068 1139341565
                                       3075975653 1502784438 1933339592
                                       3921902953 4204100604 41722604 438247379
                                       2507074286 1739136852 3917205217
                                       2878335641 2245072555 1993342453
                                       1378776414 2748086362 1541072214
                                       2253601520 3527451053 3004880324
                                       1557846750 602679879 3056568160
                                       4198317305 2914285408 573640963
                                       630536235 2225716552 2885462490
                                       1320557564 4206154818 3216210235
                                       178067056 2740156962 2590010328
                                       652331253 4020729169 1184362848
                                       3156508820 3973264055 2420618303
                                       2437699982 2907987341 156928606
                                       2638176469 3938640243 653832936
                                       4079863813 3316181357 2178698970
                                       2684909720 3944824209 2688749476
                                       2867606722 3339409999 3998375086
                                       1214211596 1675149677 3691155575
                                       2376363851 3877333830)))