#S(RANDOM-STATE :STATE #.(MAKE-ARRAY 627 :ELEMENT-TYPE '(UNSIGNED-BYTE 32)
                                     :INITIAL-CONTENTS
                                     '(0 2567483615 624 2147483648 438546884
                                       174777950 134735219 4056756132
                                       3010929948 3337912237 3568873662
                                       289892096 2737014215 1854492064
                                       3338608585 2030818512 3969096315
                                       2035166923 2052585211 3053384595
                                       488239838 576775623 3782178309
                                       1613314324 2710723187 3093787760
                                       3626352994 3289333885 2135854114
                                       996866855 1136528866 964209131
                                       3982699799 92914401 3502792924
                                       1624495699 9332004 2686097424 4174204360
                                       3822261312 1763422191 4111603056
                                       2429164974 178598420 2297894347
                                       4189850705 452616211 190741365 179409684
                                       4152506073 3653208841 3632071744
                                       2051658569 136228731 1969982377
                                       809639132 2424906227 528077679 761072646
                                       2041576581 383750713 2189952675
                                       1851205678 3766701666 111929759
                                       3909334085 4173420856 1532282084
                                       4063295000 2866074710 2667579663
                                       1837150357 3380305079 992754312
                                       1406754033 2063151434 2356461054
                                       2473809786 2893669656 2318823775
                                       1833662110 1480989104 347401179
                                       824425022 367521723 2692171833
                                       1280000129 3590346012 3298239180
                                       2141070977 2380723538 2313276952
                                       1707902802 4039870599 1379034072
                                       1880722198 239082269 260325418
                                       3304559013 3400538781 3398377801
                                       1135282140 3244255054 2480644881
                                       963054257 4179062894 2232584469
                                       362535956 272828961 2748809069 79264073
                                       1645546662 276854967 4248074281
                                       2310306761 247553244 1007985246
                                       2185826708 3045342060 1101430134
                                       2483413414 2871774861 83033446
                                       2918777422 2854735354 2709088378
                                       3166796490 3946821072 2964613726
                                       481721264 221137556 252117025 1547997112
                                       4079441913 748162786 2615195997
                                       3509076945 2571364037 1079982855
                                       4228119162 1526887331 2320043212
                                       1296058478 3956182830 883008915 63963407
                                       41381084 2489921055 3435569839
                                       3335625076 1136018261 3554405023
                                       1832760864 2927527709 1079782500
                                       2269447642 3503172959 4213974819
                                       2048563249 3056485286 805629136
                                       3115048318 828694800 3636357303
                                       1189613938 2562204472 3020756798
                                       4038101100 3523285030 973138375
                                       2899821421 3806941299 1039867981
                                       1632169395 1635297665 1606863560
                                       20351853 2133880028 1994350955
                                       1933017905 211216428 969594167 98591500
                                       201032891 3977223506 3870819103
                                       229936112 1402107313 2389447651
                                       1675378115 3590347238 1412427861
                                       2154613925 4222627135 764255649
                                       2147461902 1380525839 1021648608
                                       1657182415 3479230741 1137946218
                                       3161464593 2193824194 759849406
                                       3014431146 1137977049 3242734970
                                       4115146880 1349369774 1081575622
                                       2446745911 3420072341 2635215862
                                       1137959882 1597994070 1075983649
                                       3412586794 2381863350 1023664043
                                       203275049 661704755 3920170306
                                       3980531646 3665951553 2516505028
                                       1137258719 3817174838 4073096330
                                       4013160590 3119376934 1809545251
                                       1330832789 4147181975 1680920790
                                       3739489252 3208967288 1610435882
                                       3391668482 4157273562 63656432
                                       3546154142 905422845 1152938236
                                       3327948001 4273122909 3932306526
                                       1713033509 3214667038 3924605047
                                       627687858 405294504 3802533047
                                       1518342322 2758532897 1274588965
                                       3594519927 2675458315 3037595212
                                       2511259648 4075247287 1935371310
                                       3065351896 3995330871 21679121 109135261
                                       2311683072 882526377 1158780709
                                       2153019243 214819891 3266824134
                                       1531926054 1819252150 2256965130
                                       3851547235 615477246 2628308258
                                       1401770074 1377306485 823362321
                                       2464775292 1389235372 608596831
                                       1985022111 3131018621 3990344275
                                       2338744424 2713015239 3391433560
                                       1364886511 85936068 4006623830
                                       4204791910 368810360 410044642
                                       3993126623 1343619583 19142505
                                       3679016615 3688708517 300443391
                                       348308086 3957882666 1921747802
                                       733710792 1293096605 1193563402
                                       2311490171 2231673520 1205262498
                                       860019566 3386219137 2064598684
                                       1002156625 3497035662 4200002338
                                       2156509195 2683943589 2409849099
                                       2806119393 3734948086 3298074884
                                       1971812084 93225686 1714264831
                                       3217078325 2630436996 3753948047
                                       4146969324 3418623421 3376201210
                                       2506054064 1942579865 3543588494
                                       3310567083 216736716 2270551146
                                       2260168106 465535765 2896046125
                                       3530889102 2444789750 1522818824
                                       4038451527 2620953770 1281576954
                                       3135318565 4096860326 295510737
                                       4164783636 3076537216 2090495638
                                       2460084169 698267659 613979657
                                       1084695719 4232978129 1129707531
                                       170754491 1568255522 4123005251
                                       3955948722 664899216 3475881598
                                       723590292 2534760569 3307090201 43886613
                                       3849654331 856728665 4001053860
                                       1740121579 100715950 3624225988
                                       4177693940 2153443459 442912553
                                       1604450343 2341807704 1721563170
                                       2651631679 3767601735 2300348436
                                       2058966690 1039618718 535295623
                                       1321211774 2799692903 3879443914
                                       149930502 3352030460 2008614474
                                       2889158858 1547227435 1266874187
                                       3429339581 2579920278 2463117678
                                       3771222450 1208944091 2115281787
                                       1606758214 1026429194 552668942
                                       4163194191 4217469793 2761020006
                                       3853244875 855236547 510862175
                                       2266402273 993422410 3205491205
                                       1367792687 2997495112 3133309371
                                       2078774181 2375597684 1218331910
                                       1521792144 1474957522 1428791488
                                       1505407666 243266846 139170316
                                       2306275124 4086123263 463901493
                                       2025388668 1498694243 1800666218
                                       1285168043 3616877927 1182945700
                                       3948131644 873826591 323493780 571113299
                                       3451105078 2343325886 4252779666
                                       1559802793 3591016146 2073195288
                                       406679153 926603158 2482411816
                                       1296112241 50986886 2871909442
                                       2951121057 253622017 974136109
                                       3726059318 4212473466 3816707327
                                       2625259687 1195690648 3058046013
                                       2438076888 2416756428 4019983642
                                       476877831 388224207 1233207441
                                       4098745991 2516992315 1870546121
                                       1887958166 1153607320 517869122
                                       3302318327 2688655877 2595064984
                                       3147112651 3855129233 3753575415
                                       3556729117 3847070213 2827646294
                                       1578511138 965850689 4089652068
                                       4271489571 3769424568 3402761008
                                       1081388966 2234736394 3579641729
                                       3413804432 4240007068 2813441442
                                       1226503256 138549486 1870595059 12233028
                                       1350003370 1029660122 4023426833
                                       1965721845 884467545 213340969
                                       1768226373 3218025604 3854960261
                                       3744410100 2863912695 446694907
                                       2641125738 3589063249 1405147676
                                       1180737227 2201408369 1215416619
                                       732939885 2027413910 2477764858 40921082
                                       1530644747 2273106675 1241346485
                                       4251041996 1624646481 2503099785
                                       1640972155 1170810368 994802683
                                       3816207331 3486063541 4292197058
                                       1352933912 2946810585 3211593631
                                       4102433617 1964926686 464244436
                                       2169793129 3957705590 1896157461
                                       1664359633 195122706 3114242471
                                       4074963426 4059643425 239837883
                                       1850221370 3382450796 2604078683
                                       2581690098 2727223188 3604825186
                                       2369112622 3978748425 2432679820
                                       2223354138 2122479342 2647352007
                                       3832544911 3913428243 1002023416
                                       3534625224 251834392 3760861178
                                       1420412074 1786116208 1605029438
                                       3924318291 869058664 3916245707
                                       3950692300 3285012117 2712320503
                                       2242258539 2477095763 2336986730
                                       1198721416 4071968669 1923381987
                                       1873815944 1887279351 1779142011
                                       3965903698 2266313402 246020892
                                       212437033 1571066674 1794512240
                                       1767751008 3088715106 3642170258
                                       489351505 216762766 3662174700
                                       3264032093 855673759 893279302
                                       1097267652 2202349361 1921863789
                                       1342136587 3104729877 710722641
                                       1274346772 878524104 1910660623
                                       1814448681 3168306693 2462239926
                                       2264965263 2227776527 1119419956
                                       3559125760 740009218 3270609691
                                       3098613677 2576187164 191746885
                                       1027588765 116375880 3833294818
                                       1737272262 993898254 3323410095
                                       3214279085 1741563119 3894039466
                                       2870275809)))