#S(RANDOM-STATE :STATE #.(MAKE-ARRAY 627 :ELEMENT-TYPE '(UNSIGNED-BYTE 32)
                                     :INITIAL-CONTENTS
                                     '(0 2567483615 624 2147483648 3629254706
                                       2797095018 1577591126 2444699729
                                       985924715 4030676611 3069366850
                                       2153972349 58606192 944723606 896545244
                                       4189405906 3470968883 3672421237
                                       2158635240 1137785800 1869049720
                                       2176703171 2561355090 3344279361
                                       1203266699 1333673095 3120016205
                                       3949665349 354248848 2768167140
                                       1456956527 2255465095 2032163863
                                       66831378 1329397410 2061207064
                                       2497568671 1669343693 2616659991
                                       273100028 55709223 2207954084 2052673308
                                       2363597980 1599788737 1483497133
                                       2500389687 328191360 2670846049
                                       1084163083 979437671 2652053472
                                       1922907833 3512673360 3790463690
                                       2182358860 2201023233 1755704414
                                       1422791486 1324035229 3028247853
                                       3706881602 4143770972 897067512
                                       3675088991 1839298771 3980204325
                                       3255401803 2429713475 645050026
                                       2716315020 837789728 609046740
                                       1060912436 3503200656 1490374407
                                       131341794 1206167822 3248791151
                                       955226735 2545352013 1797237612
                                       1021008679 2464921723 3504970297
                                       336195281 3183903397 2376275268
                                       3143727174 2129084480 3319242490
                                       507321989 3516313932 3932291607
                                       3730600712 1126381099 335308036
                                       3393167585 2642526462 309016663
                                       2523304670 1432168241 1622235477
                                       1297645112 1843691335 747341952
                                       3079027029 256304796 73388539 2822203189
                                       3320611429 1606323168 1146262209
                                       1447116435 2703552846 2315701027
                                       24251753 1232843559 1962630130 87388824
                                       575922693 983754836 3498688474
                                       1343549801 2373223722 3819333351
                                       24926378 3047318787 2343618877
                                       1172648373 594303940 3884222257
                                       3257550492 2779881451 2297678467
                                       4226370608 4068188623 606478376
                                       3067643247 3636587582 30581404
                                       2286356979 2834085280 47559809
                                       1034494158 3489048590 2916240112
                                       1445376215 1691972178 1845872652
                                       1136279092 4069315713 2141608354
                                       2556162323 1968689659 2431730277
                                       1369599144 3637058719 2735271380
                                       3507752088 2401076400 291597870
                                       4264998298 1888098321 1626574326
                                       3488037225 2972259494 4199674078
                                       1886117771 3278218790 3432915077
                                       323499064 1292537760 2362676852
                                       3161256992 2776865701 989181781
                                       337930980 2360349140 621164705
                                       3894497369 222336650 1718362976
                                       436343106 3133747940 369275172
                                       1842747215 4276418977 661320326
                                       2239599373 3637431783 90922389
                                       1727397216 3122370859 3517311759
                                       1678550659 2755054615 1581366721
                                       1127300782 824366591 3839239867
                                       842159611 231978930 2644367668
                                       1605002836 4271240499 1627621299
                                       1138659563 614781983 4098024869
                                       3459035143 306079463 2204549285
                                       2191037151 1024333387 1963421572
                                       708552847 2610205805 571560318
                                       3017634367 2520481390 2608322129
                                       1323992578 1345700495 1141494634
                                       1991294922 1385291512 3816439129
                                       4199564368 1528740822 2469091588
                                       902231017 1982301312 4137506676
                                       216094601 2326752179 3979099925
                                       3007898798 1123859343 3178024810
                                       645320425 4203183828 3621441750
                                       1937852212 3794800585 2958926229
                                       1499772284 2600750654 2375541502
                                       584899135 1262178169 3361099569
                                       219444187 2243616422 985196430 968451618
                                       1064790887 4291556040 1049356830
                                       362609421 2410730133 3009298355
                                       3144012790 3226007459 2256070704
                                       2021605884 951795495 194412516
                                       2522608213 905274305 199818607 721526090
                                       1006894586 1902331883 250012555
                                       3389244644 2451403790 3272278959
                                       1354396161 4183343357 1970397494
                                       821879903 1502097484 2881909496
                                       1597115228 3469778091 2330153036
                                       1398702906 2813045541 2329449618
                                       4281841919 1318518163 417684663
                                       515147042 1054938144 2632159471
                                       1546199148 4294924638 1286592546
                                       2689566173 174365498 3290310174
                                       546127491 2315036992 3047940880
                                       3804768884 3382280957 2419123027
                                       2923208235 4146980870 2494946493
                                       3852110529 1008035323 1751675018
                                       2966663049 965702744 4237966415 25623199
                                       673160415 678444462 37998668 2987690855
                                       3226458185 406536272 3681728128
                                       3743876964 2985844522 4230158005
                                       2559473911 3196589177 3312810266
                                       3197503926 712577002 1840510526
                                       896465198 3558226427 3470985347
                                       1937112835 280057441 2304788604
                                       2822229109 3063969091 359319648
                                       2099061078 317805791 721921480
                                       2961282734 349896988 352346453
                                       1852587656 2320745402 349759888 57062719
                                       3234323841 58682851 2831332340
                                       2541472710 1995666818 1775061913
                                       3319137471 1930138665 3735803991
                                       2873590068 126881476 4010068003
                                       2456342665 134304033 2396516694
                                       3482706634 3453027058 2543478475
                                       2503408059 1907195675 566905796
                                       3021874289 666114078 1525106161
                                       3566687052 953443164 1547339007
                                       632926147 1990425913 1980753869
                                       112878327 439600584 2196768593
                                       2689947533 1785436816 597891090
                                       1281915934 1167524872 935788402
                                       3583321361 2953372165 4255564614
                                       330161783 1505180827 1943535385
                                       2129483287 1846388604 1060082413
                                       3878240445 4261651496 2586801829
                                       4177213398 2277105939 868396599
                                       1874817382 4128873995 1064274816
                                       1719603195 142481371 1090068857
                                       3021052195 1637315638 1481313865
                                       1818776141 1865676251 1596256997
                                       1899942203 239056063 744582509
                                       2552311617 539091660 368945089
                                       2579591341 209152000 1570568321
                                       1515534654 596378903 277122506 130550985
                                       1313538309 3056649063 1964289849
                                       1341381685 2483083163 3689256931
                                       2620019859 1549427485 231394284
                                       3481423360 4160169027 4103069303
                                       3683403052 1137841623 2127723932
                                       611966280 2299567956 363483163 180055052
                                       2554026982 1634062562 2589261698
                                       3668357380 2807224842 3002308524
                                       1621204341 3447646629 3346688325
                                       1598989920 3664915775 42211624 157177616
                                       4207227154 2642224219 973548525
                                       3674703034 1823879589 1595392472
                                       2229727521 2824773636 3530864950
                                       444864010 365470819 2626474072
                                       2802824618 4132952793 944704024
                                       3894788361 1026189327 3054405127
                                       866772804 3242681347 1907675170
                                       1569232381 859050726 1903877491
                                       1592988976 4270262160 1276889932
                                       3799422086 4003994086 2553813860
                                       2771681427 3646889839 1817502108
                                       916626885 2364622494 1139662605
                                       1847896253 3567288593 1041519565
                                       1058922658 3233816928 2051206726
                                       738922540 3681253437 2101234289
                                       2776117998 3453315033 2357602870
                                       2033214733 2126852839 3594156782
                                       1755792941 3264836803 4138913045
                                       2083455839 4172194156 3706265945
                                       4112942168 2840072548 3252847591
                                       1973473622 3702406614 858170597
                                       2456980312 2016880814 3246690593
                                       654032800 492753171 189867310 3444390860
                                       2571657225 2931291467 3244878189
                                       3110225072 2470272023 3980203434
                                       2817884232 1589113166 799295660
                                       3455478637 2799352939 4208018091
                                       2747020371 1345605850 3285475770
                                       3390137068 3308137083 890739974
                                       1656790259 2270092060 3541002206
                                       579220043 1017895613 1002997775
                                       3917090112 2426274432 1709796312
                                       806147530 2200322727 479000429
                                       1360178120 22219325 2897619306
                                       1394129452 1858407959 1368140110
                                       942972418 1018125206 2938010030
                                       4105816774 1725109820 240034713
                                       349702805 1448490193 79821912 300098322
                                       2940451156 1857428696 1943936292
                                       125910575 679369276 1961328359
                                       3785958415 1642327215 997453139
                                       1977646460 1089875312 2625570914
                                       2995627497 2451924599 2710316513
                                       752834385 3932153367 1542367608
                                       2020922512 3793824469 726525532
                                       1121782941 846029121 1073428767
                                       3858702130 3231270426 3130410767
                                       1874335661 3356189007 653913716
                                       923415272 1125562666 1668245322
                                       2196038257 988128385 1430121573
                                       702112421 359598716 941238059 1234758232
                                       3284367970 464959709 2468194050
                                       898457471 3245983254 3222205091
                                       112897953)))