#S(RANDOM-STATE :STATE #.(MAKE-ARRAY 627 :ELEMENT-TYPE '(UNSIGNED-BYTE 32)
                                     :INITIAL-CONTENTS
                                     '(0 2567483615 624 2147483648 3798015711
                                       3023832307 2581232625 600772773
                                       2522521709 156770754 1334681543
                                       4023654764 2655716596 2135594233
                                       1800757041 80268554 484178346 3039615871
                                       2104265304 1947042608 556433746
                                       2029621929 3923978534 1434057918
                                       2085784663 1348909284 1799327953
                                       4077824276 537364942 1578071245
                                       2435028243 2453261503 1354002765
                                       3086044364 4244437374 1474504802
                                       3821650354 546782672 1869251021 85778626
                                       3741640995 1129202111 2854205122
                                       652044072 583378700 3041615504
                                       1315681457 3616640926 2418123197
                                       4167232280 1782141529 548501956
                                       3823696215 2593486393 331021753
                                       3748546713 2304027726 3294058951
                                       3104112740 2270870002 3314698654
                                       1225036643 7888629 2979496325 1550749564
                                       1452508950 2389716060 2112797635
                                       2385153693 1867780557 1167678846
                                       2651173215 1921156816 1169514525
                                       2169692753 2885913482 1430307750
                                       1106007601 562849251 2458322077
                                       2306425884 4187571256 3737776163
                                       1726384713 3730192784 2054082981
                                       995435744 1601981866 3711628813
                                       3854788072 765202923 1594839623
                                       3262263049 2051904874 4158978938
                                       3141240852 3769793353 215370909
                                       585433084 3795712402 1833501151
                                       2301951710 2147827429 3756532607
                                       3917947163 4244394117 1916991052
                                       605362306 189236103 3578878490
                                       3488980760 1151492474 3399720438
                                       1505236346 3588401017 816722442
                                       3525440912 2000691310 2546665908
                                       1086179306 3811370346 3740625337
                                       798719861 296785605 3204781097 619325316
                                       383638457 456806578 737019385 3350819166
                                       4086488551 3674659444 1900747055
                                       655646771 3289631028 1964825113
                                       4017188292 2935575736 1948517791
                                       3081143655 3836812523 2164535039
                                       3485165249 2914155006 1305949839
                                       3233406326 2027717949 3873452607
                                       530541087 2379096610 2996734631
                                       4112190626 1734248593 1068447551
                                       1334789306 513758000 2569698440
                                       3379324658 1695936145 1604337708
                                       2860331796 3092736892 3561482463
                                       844591138 671307172 254855819 765668506
                                       2652763408 2230008115 3937259849
                                       15664030 50030954 1426796906 986692476
                                       2487442675 4046712282 4207144827
                                       2283112778 739796880 1113077635
                                       331674456 3119665700 3562750379
                                       3529637805 3469968412 1865321156
                                       4270310498 3020026902 2145416815
                                       4115155272 2130215587 706605813
                                       3016497816 3192839940 435216516
                                       2976155291 199297398 3532185939
                                       3264672770 3802987033 264035409
                                       950967692 2010029529 3414112711
                                       1624749206 2434195625 1657906712
                                       1240941338 1682801455 3381348016
                                       2754681100 2742610967 1905762489
                                       95426882 4033759315 281277607 4039085116
                                       3827246573 4196384772 2601528569
                                       1153435152 2086580676 9287665 2694920189
                                       3051767111 1864662047 273732193
                                       2461933078 2250936916 2235517142
                                       3913093137 2843300262 1914145915
                                       2632198912 3635379773 3203897984
                                       3927510305 4280147153 3403918464
                                       2958320801 1652134062 3220853802
                                       458846828 1199683912 3742081103
                                       751294724 1401052019 1705039644
                                       2584403475 1713539211 2007162382
                                       2779996579 514270444 2524979702
                                       2778332645 2148077400 2874322492
                                       2510936712 500748691 1600126162
                                       958649395 3711123386 3568399977
                                       413928243 1471594979 1331984645
                                       2727734186 4107982657 4104744115
                                       3297133483 352471876 1249555616
                                       922612989 4267695823 2970371738
                                       3787964126 3375340750 1054657546
                                       3072245328 2106915426 1626085147
                                       3500964661 1938991799 1611813403
                                       3972284304 3748300443 2530371510
                                       2208972005 3648455468 1339416135
                                       3078023777 3344910086 1046006121
                                       2689994836 3372097031 4097245370
                                       555345442 3088387117 2338645109
                                       4276928807 3038056906 2540842239
                                       2227862668 2117109365 4174790057
                                       395568614 1560481249 3496940038
                                       3246595618 2246848902 3441772918
                                       2849091822 4075494020 252562033
                                       1621869848 1330153543 2938244651
                                       4035228643 3113359270 4037366308
                                       1839974114 1002613963 140978831
                                       4172713098 2971782705 2432804346
                                       265219669 128160173 3046156108
                                       1156390382 1736123248 1051256544
                                       633657052 1403305330 3606198178
                                       2143358454 376561203 2506582700
                                       4042312674 3709490532 2324762690
                                       1634944880 1615455703 3827453224
                                       3007216594 2207830141 3117595285
                                       3017331811 255523617 1523013115 83140677
                                       409655342 1536176973 57930251 3077311676
                                       4083141327 1239358959 3508600174
                                       3054907996 2678943745 3191261993
                                       212319039 1899199571 2704381629
                                       2145356520 1856603624 2228616834
                                       1687824820 2856327285 1842602276
                                       3310783913 337063332 62272380 3905387002
                                       2954636842 3222224582 2650685890
                                       4083193843 1565133199 2880763797
                                       2763015851 4292159074 1806802864
                                       3623769503 2010743059 911589251
                                       624604769 1093685038 1209428141
                                       1052073167 1584335536 1689040742
                                       1944204001 3657182378 1280175582
                                       4084085968 3901043448 2674094849
                                       972750606 2745327776 2986364062
                                       2772184116 80139542 1332993349
                                       2192866013 795396983 1680888151
                                       3705627121 192152128 881958346 612162390
                                       1763679015 1682739562 2289635562
                                       172633894 2532513232 1592472179
                                       819804002 944968794 3935877599
                                       3900158620 3577362502 2793325169
                                       872947112 293812759 3879807501
                                       2023703454 3763917691 3432003033
                                       1925505556 3251230669 720881453
                                       1853482731 3975085914 769351217
                                       3928110111 327863130 614304010 240690459
                                       1362893787 3370979258 736108080
                                       1257906116 2971635550 135674476
                                       1032522832 2980614782 1746019770
                                       1509307681 3946200914 3787602485
                                       3792398979 1487424687 492833836
                                       1425305332 27042658 2579903595
                                       2098555219 2150590972 1153958963
                                       466602694 1323620844 1433072739
                                       3597800558 1366433872 2683685384
                                       3814563690 598078185 289361123
                                       2537675945 772101732 1157689194
                                       1633379094 3182892391 2219291442
                                       280655398 3189815219 3625819303
                                       882484893 2113153275 3591308450
                                       3258205361 2688965320 3881454512
                                       2692348501 1437382949 2002078846
                                       746034544 11316120 1646429124 215373474
                                       13305784 725127742 2080413502 3306432751
                                       2239155713 1791391227 1008939745
                                       3764876292 214885406 1978164154
                                       1927339635 945840566 2395103770
                                       3720509565 1410684591 1145679662
                                       2799266585 645361829 4053626151
                                       3765112275 4266873610 290162809
                                       1936773289 811882610 2444389478
                                       1596160451 3035140165 45854813
                                       2189870998 2148719062 2039426731
                                       3925632142 269723427 347157998
                                       3789248704 4216743301 931470603
                                       2953882889 100009588 3727513185
                                       3622516085 1840689126 2547757343
                                       2683792860 1463643091 484426510
                                       2543211127 2118819503 3300505236
                                       112799571 1096877093 967990446
                                       3591311186 3732951400 2743665776
                                       140286891 1666220436 2578080944
                                       3231275754 3043992669 2847063613
                                       166679034 2399892957 1409749305
                                       1982080694 948084807 915451290
                                       3936458583 3126388721 1974905631
                                       3407727541 1780786959 3062855216
                                       979273513 3980780334 3203324461 28936828
                                       3166674298 782019011 3614832565
                                       1339161683 963198612 2557128563
                                       2632807316 1371719996 3507723709
                                       454933832 3184953388 907344921 251329426
                                       1107673032 3503076394 88369786
                                       3978194764 3203938520 3308371654
                                       438706384 1962762843 3342717477
                                       2242011306 1991556602 2847424681
                                       1094062592 2452377158 3944834064
                                       1185938918 233374820 616680983
                                       4029296215 2863781651 3281936671
                                       752222304 474698135 1157092851
                                       2958674170 2742240052 301023845
                                       2887247636 2418333083 196531620
                                       3649030689 927394371 3243417815
                                       759403437 665785107 1290473422
                                       3278163398 3056542083 2311623663
                                       2376494754 1192076919 2176917869
                                       1507189091 2681997174 2980176095
                                       2457472329)))