#S(RANDOM-STATE :STATE #.(MAKE-ARRAY 627 :ELEMENT-TYPE '(UNSIGNED-BYTE 32)
                                     :INITIAL-CONTENTS
                                     '(0 2567483615 624 2147483648 1720329446
                                       363383239 771337353 506604408 1204391319
                                       3249503050 3650994581 2957160664
                                       2229179466 3658485838 1714042103
                                       3435270685 2848821517 1100903423
                                       1014484845 2312517530 3095902656
                                       525510041 3576695924 2597065638
                                       1256594158 2916830844 2160048563
                                       841336873 694012577 2661754078 71079428
                                       3707891998 3943074940 2784887099
                                       3947960194 1715033933 1330475452
                                       2854711259 1171447394 3906448370
                                       548394164 3429011882 3453629276
                                       1624003160 1318391317 1886861167
                                       110355336 4163534976 862384065 408910135
                                       1408796629 1170656590 250832829
                                       234178736 3519210927 487697183
                                       1714666010 2627939836 868163732
                                       704817177 3624750569 4284346013
                                       3986926025 2954578372 988884805
                                       867805271 4008212710 465667680
                                       1698704914 1273042007 374859765
                                       3765512938 2004458670 414234755
                                       1053418458 3296257664 4074765641
                                       2671121788 2909670737 280989228
                                       4004321435 1133459070 1120958751
                                       2394767079 52383772 863703751 380166082
                                       3123149597 2568341616 3844427369
                                       392886456 526142715 3694910901
                                       1478596418 1208427350 1546916874
                                       3171752314 824616784 898229675
                                       1120932318 3050031496 3269658535
                                       905975292 1753953230 2278217939
                                       2734395366 2741812721 409847467
                                       2556337705 2576822367 334514673
                                       616884972 2107796701 1392635106 98044142
                                       1826135612 2316086595 3306600872
                                       3133200232 133084452 2556913266
                                       204969753 112644658 1092108463
                                       1683663645 481392420 597319903
                                       3481967961 3233502764 3163853131
                                       3223268922 1766815795 1431953330
                                       1990356220 1982167641 108876787
                                       1016673493 1952538600 2715160083
                                       245411324 384534088 3837630545
                                       2080097527 1296132191 2794036116
                                       2001765614 879780379 27224775 2307462198
                                       3175250789 3580790501 2829086122
                                       1561329357 753306552 2583167625
                                       3489675839 1092450803 1664382731
                                       2484573488 1256031351 2413149139
                                       3704942824 49712032 1209424206
                                       3950413513 251719404 1380124871
                                       3391056533 2818693612 1097649574
                                       4005497811 4069072753 4115567827
                                       4161277919 4168719917 267599884
                                       1245118277 2376366379 3515647502
                                       4167431139 3890122308 1929623780
                                       3957553513 2262646788 3584614511
                                       3375579046 2764847464 4231562754
                                       2058295763 595373500 298489296
                                       3748908930 1776094240 1501544052
                                       4143867085 1974173022 4185410172 7471807
                                       3918716395 4009304509 3167689719
                                       572583358 12604322 3392732554 3274381331
                                       3260051498 465515797 685051068
                                       2924650973 260556638 1775385483
                                       292798438 4182637110 2568237136
                                       159982121 3875171507 1792212391
                                       186375707 201394347 4251265786
                                       1095004376 2808660903 3360070533
                                       986694158 2196074293 2406659209
                                       2991755206 610531609 641692775
                                       1434271153 1374616681 3235901985
                                       4112289756 2013753435 942868271
                                       2024086888 1626197475 3454972405
                                       4176710069 2125220297 1724039037
                                       2911291138 3179643685 3509403717
                                       2881283885 2181789149 1302153595
                                       2426418184 4069186294 4215019514
                                       3550767209 3577477820 1762802360
                                       2409344229 2000363155 4294413861
                                       90094748 312725210 819654056 708041793
                                       2423415430 2975067968 4248904798
                                       2823368756 3024257350 927773090
                                       3879191345 3870802074 2669485970
                                       1613519730 2692647424 3180751034
                                       2581562566 815717752 755948318
                                       2692866765 3960493648 3292472216
                                       4162640085 3201391270 3748698187
                                       1671977390 4084164237 890399648
                                       4241229023 347639290 2260061251
                                       1432844593 2377621475 2081486448
                                       2013171994 3877732332 1933243709
                                       930338765 2229190554 1093682950
                                       471448058 1808581883 284989106
                                       2207139214 405126780 2946720139
                                       2679613832 3294058637 3645896376
                                       3039587767 2596275056 1523111196
                                       4198670402 2878338177 3772281649
                                       658111435 2347567764 2548200979
                                       2380395125 1253975676 2095887665
                                       2073923191 3368861476 625262817
                                       3044320167 3938033458 855311738
                                       1446958501 861465321 1386241 997458500
                                       4023758409 530969642 1931645556
                                       1239045133 2143789641 2023920711
                                       2081098915 299211629 282657517
                                       1164959131 1283545676 2418119836
                                       2751207892 2967137423 1612061725
                                       1940888839 2877548886 3107475296
                                       1245716786 1523541812 459596984
                                       2424103921 638918928 1240704395
                                       3791028958 1783554024 1521839424
                                       82055730 544046147 3915067060 3967034796
                                       2074871139 1425270823 865415377
                                       4081380902 418004682 1735494847
                                       3540854617 781182035 2573653793
                                       1564828162 1359283215 361150811
                                       3646966516 2348247798 2016124002
                                       2355863021 2990288746 1944175778
                                       4074809569 4002805020 2496522130
                                       3486141258 2241917107 2190295474
                                       4192449675 3052628201 854441345
                                       1401772027 3277546403 1137774256
                                       2562453309 1916092678 1871514486
                                       1756758641 3291081045 767950561
                                       643976237 1003538610 2694855830
                                       3788127429 1621673151 4158247152
                                       711462245 2240309063 578089484 520010184
                                       1550506813 3539792440 4114273 4217319686
                                       4148879708 443049238 465302973
                                       1224952006 939469214 2871451360
                                       612282566 2676780222 196088138
                                       4286694845 893821071 1688335105
                                       4024617621 3436445762 1206424002
                                       912138293 558970210 4157298370
                                       3460242038 2449029143 4251030171
                                       2181713175 2976912423 2594685366
                                       905790755 865693569 1905035109
                                       2936111050 895495583 733496300
                                       4003225728 3698501327 410568701
                                       2219794350 3574304371 3750777516
                                       2388994859 820968060 780205478
                                       3928925185 1851469847 1352602764
                                       218267601 3469908394 2682752205
                                       2483587347 1370472913 711236890
                                       1965643897 575826554 1180090570
                                       582446117 3878438596 3201349008
                                       3728519386 3477679149 511231318
                                       3074867239 3796336055 1933440437
                                       2093228225 541680927 4198983327
                                       2362442308 2229581798 3172736856
                                       3137552766 1401332798 1302018015
                                       1592087619 4190848518 1068952812
                                       1127692117 2320364436 2071459645
                                       1704396352 1596568397 1041853346
                                       2807333728 3195524698 1845165973
                                       2945803096 1660195877 4023817447
                                       3431047437 1056122393 853636663
                                       3979676614 2056146305 3221216276
                                       3554696472 553629505 2043368746
                                       2378692690 845201120 3671309821
                                       1198709756 1444410376 3860027436
                                       2121602754 1555061463 1019661250
                                       437468491 3921924703 3530236116
                                       1147747029 752090308 3208803730
                                       1347911023 3105549536 2845223550
                                       2532580484 3342390048 3954948506
                                       2398497679 138839450 890629601
                                       4165430277 569756704 740960919 57068310
                                       3850007574 36312150 2730639612
                                       1229331333 2874563021 3086087499
                                       82644498 2108339954 2059739186
                                       1823230163 58637280 582617905 1343321789
                                       476543865 612794948 1560739649
                                       3338694782 3712779834 1408231580
                                       4163903936 1292641044 1433721282
                                       3742312266 576425100 357620108 270113553
                                       3257504373 2949305473 1039692329
                                       791560187 2515034224 3700830751
                                       2150967789 1723391347 3390887513
                                       110173205 1964707394 4281363589
                                       1454136876 3144249161 2804514673
                                       1581557190 1809300774 3145347454
                                       3855518930 2485271935 3719576756
                                       2197193391 3377493560 2878882133
                                       3554640505 3420375143 1534529021
                                       3776509660 3693430254 352809012
                                       2817903696 1880417190 2181103813
                                       1934657551 2228844817 1370028614
                                       3378848560 490779780 2202720001
                                       2900128874 1947198678 877566543
                                       2398916573 1946137421 375567216
                                       576997517 4161689319 1494346320
                                       319927189 2888274936 3891657463
                                       427365972 2447850849 3695922969
                                       742735126 4183124156 2471167852
                                       3269799519 1238264547 2838207782
                                       1880406913 2402260640 3064894389
                                       4253435931 1265750170 1223487759
                                       3678371806 107746123 2135966789
                                       2053378762 1926504387 1169802661)))