#S(RANDOM-STATE :STATE #.(MAKE-ARRAY 627 :ELEMENT-TYPE '(UNSIGNED-BYTE 32)
                                     :INITIAL-CONTENTS
                                     '(0 2567483615 624 2147483648 833816351
                                       192941397 409422224 1085285923
                                       3575492632 1250902956 514470750
                                       1597620139 2642787628 1224443271
                                       2482120411 3564215018 2437661651
                                       3220508938 4096780459 1641884476
                                       3624445856 423369781 1036128444
                                       1576293384 2247456510 1307286264
                                       4224549531 3640153972 331483121
                                       2090768238 10707265 841846360 2513304439
                                       3393091851 4099630538 832237212
                                       3826492818 1423298935 2726148857
                                       1526847263 2125038356 2827781221
                                       1763361185 823587598 4293598712
                                       107316235 494164974 1116889019 66604930
                                       1610087585 199618834 4073747328
                                       394861694 4035360946 4220838675
                                       1363897261 1622308145 418598967
                                       835733057 1550158943 884715501
                                       1162360089 734994375 4188768790
                                       1997056234 1137444316 2708591495
                                       2686017099 475015279 4034910046
                                       3302303151 1793376586 94703537
                                       2182885192 3566525431 1468508876
                                       2176493394 194134767 3778364137
                                       565434321 3493249454 3523860398
                                       968365955 4244304754 2463461967
                                       1216430566 965478837 2813646259
                                       1822816486 908857286 2324697933
                                       2012141013 2340408019 2604796154
                                       1372602684 3988561319 4035434163
                                       3779470192 917960109 1174767587
                                       863980019 3341628523 3832292585
                                       3992623424 3325085914 1509834472
                                       2878662124 356399457 2444870485
                                       1245564174 595735943 219681051 701502058
                                       2917933541 1897347920 1744650489
                                       1606767099 1215749717 286159409
                                       3247186555 2943168098 2765200904
                                       2996131764 3737064945 755801456
                                       610077386 1173284416 2344179114
                                       975554988 3414422314 877924864
                                       2963709454 1689761546 4286026610
                                       4100180878 1398243443 1017628432
                                       2363828644 728515624 3245394616
                                       927368769 168452762 4006796956 40701555
                                       1135758159 2582359470 3164402201
                                       1065968016 4015132537 1748647517
                                       2384559978 3379125665 637824736
                                       1899188101 404928495 1704866493
                                       1880999698 319054084 4267870390
                                       1386456093 3382457428 1598567796
                                       448792197 3292747601 2243016286
                                       775144398 1235969822 272404083
                                       2901446593 2215000324 3673790437
                                       3533551818 2916244088 1488875941
                                       1420074662 2374635002 544262237
                                       2784421277 3402212558 1168651077
                                       3561593820 4033496025 676357121
                                       1425159909 1658548614 864876896
                                       2200421777 171782510 2137132575
                                       2983300184 203206985 1171561409
                                       2183876204 2135464974 661557181
                                       716161266 2612461496 3810692029
                                       3862426459 1288952038 4146465795
                                       2412472606 268978119 841230121 257764233
                                       3502973834 2179066547 2722877387
                                       3973791464 1379532994 485765356
                                       436434245 1878798160 3882695503
                                       2637532628 960450968 1712914895
                                       2299684752 2667769983 1389501313
                                       3085490983 682116635 1205095531
                                       2010224111 564389951 1647941332
                                       2040260937 3617036062 765101138
                                       4063560920 3101242372 666432947
                                       3155039599 2068568335 3603489125
                                       2090317990 3451260579 1570740528
                                       1966192200 3479767787 1173836044
                                       3957008637 4122734260 3485459722
                                       3235672504 327150559 511944116
                                       2011367464 4174145605 3863721346
                                       823164797 923879623 2726382238 708253540
                                       2647947715 1955918197 2281178519
                                       2860335392 3816078395 2940635347
                                       1493739970 620932420 1781109041
                                       2937055040 2202344876 3937219193
                                       1280635253 3227913768 1043647997
                                       3644725246 1845106944 2510219348
                                       357785513 2705717430 2858257504
                                       4241634241 42678866 3610795122
                                       3819883161 4265101870 2144472503
                                       3544244597 556441852 3324205806
                                       2647058629 4120294236 2152144825
                                       650455329 3895907557 2454706919
                                       2441224121 592068721 985901954
                                       1662534399 1371914891 3916311926
                                       3679905771 1569460650 1165827772
                                       1480843153 3072810401 3187537358
                                       2991562258 3270028242 944456126
                                       406076085 1357085293 2284445651
                                       851287410 3000797455 1358699917
                                       2190130938 2596013484 3051069987
                                       2475764147 2068426810 4058401108
                                       3905079119 2282629919 1966419929
                                       4118630326 494170395 2078527055
                                       911109322 2611334407 4156720853
                                       2950045658 3750416496 157599753
                                       2914480913 2279188595 3944619819
                                       2052874884 3927010249 2835493432
                                       1352643849 246053072 2724289573
                                       745969887 1430555708 2030726740
                                       582212633 279173080 2837262973
                                       3034180756 859306635 1825336582
                                       3049724406 3316057595 1964287266
                                       2082688397 3041618602 1217156228
                                       1164139164 4110753670 1000799910
                                       649094620 4185712267 2062342078
                                       1814952832 1451381244 211740618
                                       1552165954 1874707513 1237046931
                                       2813454142 734025689 2670809183
                                       1490823429 4250079035 138419557
                                       4262372570 1558795086 1730928116
                                       4067370382 58094670 2160596444
                                       3267572992 1101987910 2689280928
                                       269450805 999076277 4207773925
                                       2816408182 2161009643 1455837291
                                       1889821457 4254068461 96771832
                                       3660652261 3114038216 1999519698
                                       834486718 2618571002 1845093926
                                       4198269168 2713349718 2498269697
                                       1131240106 1646360582 429954184
                                       2867342869 2369404437 2914202989
                                       2561196037 3196395324 2120703360
                                       2619019820 3615747774 258643393
                                       185945145 3985236994 1368628642
                                       914884437 3068263733 112706435 67447635
                                       1923313405 751327382 4051351416
                                       2333601642 872980396 1926303431 19959276
                                       847723172 784429863 713927681 787003329
                                       1156947510 2786177557 327423842 66906498
                                       110214384 6141520 2152016769 2785630149
                                       704279580 281752543 2061806146
                                       4011793728 3834472708 745872553
                                       1280934363 2468747032 3214901063
                                       90167908 2399787322 3302707357
                                       3821904959 93126012 2227279067
                                       1208429975 862470574 427605810
                                       3624013154 2228267786 800512013
                                       2718917036 2967597674 1234595527
                                       4046061611 3099860999 1419879013
                                       4019123722 2497499583 2506162532
                                       3442125974 2878976994 1076959663
                                       3851991102 2080148984 781001959
                                       2323879919 2921267391 869251233
                                       2294199201 1007757431 2885735980
                                       1394411530 263258527 2362702587
                                       3150448603 4269214358 2313894323
                                       2184962176 244766731 1491657055
                                       546404928 379009181 279986751 2971808484
                                       3878709837 136186545 992504333 746020896
                                       3972894851 1200933018 1302669139
                                       129601042 3600387496 3097163728
                                       3972590065 2955018266 1036462129
                                       3211679051 1026897994 1684754102
                                       3178115114 3745017491 1963596170
                                       3638674359 3614064694 4053349462
                                       1014205837 759941172 3039662721
                                       1936564851 3147781475 3821381263
                                       3479591559 450958062 1586113291
                                       3004117982 1092403650 3372324530
                                       3712688304 126000777 2872085807
                                       424652013 3126193824 491202746
                                       3294915115 4249800762 2292079383
                                       1023068036 4167430189 3673221275
                                       2176849948 285418585 4068747213
                                       2635492151 883956097 4022735014
                                       1317352041 1115906199 529439996
                                       3009874279 2545935771 4021950055
                                       10055038 2730609641 3683291796
                                       3942376726 959166615 2899088205
                                       3711693629 2426395452 3800822360
                                       3008925935 2172222923 1332952095
                                       2577843770 2322974546 527800794
                                       3885327773 1155436819 2892396090
                                       3586992292 2623743326 692483414
                                       1456547959 346927387 2715465160
                                       1859792572 890672482 3472517559
                                       588208458 1214147608 855958634
                                       3596337131 2363737675 1416638070
                                       1517390773 1018652892 3001663037
                                       1807318253 1453305770 2886006861
                                       4182868398 3483967135 221571722
                                       1233205302 2564706786 324934779
                                       828202471 1013622427 3044335034
                                       1350846695 2376915691 3969671227
                                       4117997135 2795634066 766989919
                                       1788099844 1238007781 1808591524
                                       3695881608 1806612576 967949057
                                       3350770535 2911183854 2507154016
                                       2454943784 867701226 2690784199
                                       1763269435 1809471481 3350256220
                                       1122572360 890197007 430815625
                                       1020262047 2204970882 2516063462
                                       2540172136 2387545113 1619198329)))