#S(RANDOM-STATE :STATE #.(MAKE-ARRAY 627 :ELEMENT-TYPE '(UNSIGNED-BYTE 32)
                                     :INITIAL-CONTENTS
                                     '(0 2567483615 624 2147483648 88676592
                                       2723716549 2652618605 411958151
                                       3017213144 3406633385 2120253298
                                       1658204485 1697148392 4056917530
                                       4132585235 1833565903 2410975487
                                       479598681 2742102361 2744555145
                                       1391774097 3041303851 995281738
                                       452138501 2853947693 2300613668
                                       2854160022 1422703387 4212716389
                                       1669372942 2533789720 3906873836
                                       3680853274 2562895084 1219594748
                                       1460320760 988134616 590731979
                                       2323465073 2797133839 933446927
                                       2683977776 107773013 1466475308
                                       716855988 903069297 668076037 2912166241
                                       1355602753 1420286640 258201282
                                       593993165 1799547566 238176572
                                       4139078924 2549012238 2395772814
                                       894010063 873295486 3908699384 404210403
                                       4114897795 12015493 2589639379 611105341
                                       2016400467 2907256238 595416758
                                       1373899819 3872370403 857780695
                                       3098347490 2186956765 3222553411
                                       3506207453 214840602 2211001781
                                       2591404039 764537408 496790450
                                       3229972644 985381519 1107613261
                                       1504589113 2063300065 374062984
                                       2342630499 2551547033 3199834091
                                       1232530627 3543610854 2906338107
                                       3281180322 1734730554 3674977196
                                       1040002291 2511487240 2663213161
                                       2608233912 2287682719 2290299834
                                       2714798798 1324397470 4144507374
                                       1109307712 1094353059 3849213294
                                       3420144954 946650322 1562273817
                                       1405831283 4132044745 3944741432
                                       2214228018 1060953889 4282327092
                                       644802010 1711766445 924673026
                                       3960290044 1630378020 3394690365
                                       2603434796 448837937 131977102
                                       3164833905 3715484302 1142377231
                                       3427408512 2492741752 1927606879
                                       724345174 625465090 632854210 1402834267
                                       4008497346 2345385197 2119709629
                                       2365306457 160477852 1496504464
                                       1734978084 4009353776 1971852201
                                       1110414299 3372728039 950387157
                                       3172759159 22117589 3650462829 339584869
                                       3862072681 3123723000 1622680017
                                       2093735557 1575633372 2663761578
                                       735437837 496257666 3898811828
                                       4092649111 2727225185 493144627
                                       2199557745 609107749 2840846510
                                       2053220511 3293800598 845281133
                                       2035541558 3445636866 144503110
                                       508646499 2830807992 1353340181
                                       399862411 1961252420 770381162
                                       2418403314 2490115039 957427071
                                       3087842863 4201373762 3442815005
                                       538841129 1203608448 2168491519
                                       964535275 3649368677 2139508789
                                       1437281214 1279555032 2321975883
                                       2388967163 3380184771 3018114310
                                       3399015718 2138927166 3124736768
                                       3660935907 760717355 2546265128
                                       2308543498 3674095965 1392459963
                                       1231672924 546103831 114587042 913802212
                                       3165496449 2297171715 2631380647
                                       1576492872 942448788 1065379395
                                       239528841 141672305 3660946819 545057667
                                       2783201173 678984733 501382803 18172280
                                       3458146390 1152602599 4158413120
                                       1961552594 1011764130 1623046465
                                       3792569688 3520402496 3030976587
                                       391934116 2720351101 3635251930
                                       1830596372 2418208351 2665725047
                                       3336968301 1593926163 2165470639
                                       2851879754 2796317238 2028996764
                                       3154048505 784666259 1974189368
                                       2255418731 96547728 968485231 214026337
                                       2771834763 2615501176 183010486
                                       2362232234 4285618183 1189657373
                                       4230111555 2538595721 1754932249
                                       1626749687 1560034400 2022728082
                                       2682928128 3011525749 3072107026
                                       937695580 432995677 2812940443 561662144
                                       2133723380 736122006 3610565786
                                       3284745200 323256616 2641502702
                                       295315162 4059716147 3370273572
                                       2355993131 2244609383 3995233679
                                       3318115343 3771121146 2979965791
                                       2039689177 20273966 2452613036
                                       3613323880 889249206 2005853361
                                       4178188379 1657434622 97211745
                                       3544343822 1787019260 2167680493
                                       856925990 3665476853 2971151651
                                       4109735949 710509623 2784682570
                                       3128563438 3648933894 4211830238
                                       3212871717 2329004336 946325433
                                       3146837165 4261149535 2685633642
                                       1280791876 3480081810 2464984217
                                       668826325 3679873807 1363431961
                                       3056535221 334964871 1840133838
                                       2580471717 2443217193 4229438149
                                       243757449 4082879018 1209785084 71654606
                                       699185415 2145913158 64493352 3511283551
                                       2298383939 1540217705 1011976831
                                       503402285 377861074 95078417 777901757
                                       3475106333 4151966676 1752851798
                                       1295702874 4100292663 1277232936
                                       1374861942 557078144 299595544
                                       3765145429 2444957354 3314649457
                                       2239517377 2515302570 1947829721
                                       421545518 3600207654 2961196745
                                       749096232 4146798485 3655135042
                                       2322961354 4219401969 1713537948
                                       2696226422 3397655660 4175750241
                                       3506073955 1487993115 2670377511
                                       2744162012 1739846114 3189517865
                                       2894779034 426012793 571398589
                                       2831911607 2405069356 1004976479
                                       533215013 1146904961 3108519083
                                       4069537062 3967307124 419079064
                                       1200311959 1114361425 3499928533
                                       3803652214 4182082933 208672103
                                       1370284822 697695434 17862660 1171183768
                                       3464790490 2011107665 257725645
                                       247574679 513077935 844805471 167663230
                                       648021887 4136819793 1353209929
                                       3958372685 757024645 3712976573 1936761
                                       23905775 2431428499 805916514 333787842
                                       3882754356 1250788125 1174909457
                                       1387253904 1887262674 3578153889
                                       4027382027 2867615591 2004015319
                                       1703755909 3796962003 434790841
                                       2313606501 3931135151 3140346475
                                       2045401762 3764476503 2335060937
                                       1801474203 3840946380 4063408611
                                       3263172337 3135893905 906710444
                                       4105579201 3956877942 4208947254
                                       30133645 248480368 3902739384 3163121877
                                       1266333119 1635080889 3211805089
                                       2081764631 288943847 4147484874
                                       1539144959 266003186 2604898354
                                       3651606845 3047271123 309852267
                                       2124416617 232250373 4247551605
                                       4148096955 4016249453 1500971907
                                       3438382810 2886619130 2322274659
                                       2697591584 480224724 4022852524
                                       2514559454 4175564564 4090047676
                                       1027503846 995513198 482924903
                                       1136613262 703233747 4198321223
                                       1075467328 3986442709 490476018
                                       1339509783 1891977719 1648716911
                                       2928141160 2574001775 3732332760
                                       2039292584 2220095965 1312724002
                                       3267269148 260934382 2546049162
                                       2671352336 3993059544 247739138
                                       1535227310 3091065287 1043347533
                                       1181760861 2126714718 3297855883
                                       988297515 3790880213 491817410 260708837
                                       1224623283 3644081685 2409205637
                                       943021524 935122832 2154576665
                                       3092161142 2745480793 3453423548
                                       1600461068 3312971271 3783825646
                                       3234684047 2335463252 1790063284
                                       3722097932 2413649330 961765877
                                       2729507988 5508734 961465579 108248861
                                       1428776000 1403481760 1320478053
                                       3554631549 765056722 1280136987
                                       405872012 2497881726 118327485
                                       3711192469 866601892 2022625054
                                       1417403832 2582016913 222629476
                                       383144272 2917323054 3452302405
                                       2382169747 2612884726 3109866417
                                       3657410529 1157617088 3205240085
                                       2608146756 3038973662 3530717862
                                       2264042115 2978695102 187683183
                                       2950726052 3702230186 897798823
                                       2352866540 703726047 1857718761
                                       891259213 907806279 1329050770
                                       1815565337 3066879313 1318009564
                                       1775937523 4188557919 2499747947
                                       1391554598 853988666 3760004604
                                       3849269758 2057719410 2015205042
                                       1722349302 2490914207 2470476515
                                       1387466187 1671251951 739594578
                                       3327909237 2087809679 3561456084
                                       1299512547 2124542723 96598245 238895548
                                       2326023785 2311417020 3154536129
                                       892575753 1667212860 1488817401
                                       406952923 2436875120 3300647951
                                       2288197477 989735417 1560645301
                                       3637544472 1232232977 2585020723
                                       4199191544 4092599387 1793101048
                                       3639381189 78791985 2302391548
                                       2637030250 2759317030 1006679028
                                       3653367555 822891101 2998690364
                                       2676474946 1239762022 1167048091
                                       2380600989 895483600 1674953351 87119635
                                       3593485583 3600640966 3825537069)))