#S(RANDOM-STATE :STATE #.(MAKE-ARRAY 627 :ELEMENT-TYPE '(UNSIGNED-BYTE 32)
                                     :INITIAL-CONTENTS
                                     '(0 2567483615 624 2147483648 4286340724
                                       1128604197 530478147 3343426092
                                       3313806775 4152276025 2172864286
                                       292489942 1749919314 2442905374
                                       1517845006 688935322 4259963519
                                       266413207 1611064721 725030332 623233450
                                       3942679161 3479119709 4231737388
                                       2479808177 706835947 2578485529
                                       1518491243 3706065298 2659647760
                                       4250133953 3156690341 2188130883
                                       991881348 1470669439 2789038903
                                       2475754550 515513562 770084917
                                       1128280182 4291040035 2540418732
                                       2424558455 3833994867 2481910798
                                       1784743849 2853987422 964089626
                                       845206402 3972981120 172596053
                                       1198945869 2461704755 4163384000
                                       967715334 576804407 2040386531
                                       3405320485 1556312521 3392291138
                                       3408492991 2911381682 3503754832
                                       4249447258 3617266495 651075099
                                       561898828 202486480 1147511544 113130630
                                       542349338 2992733827 222476827
                                       2919316447 472228256 3945907016
                                       1447160551 3493948135 468137045
                                       239107911 597200969 4249143685
                                       1108337452 1237458525 2605929704
                                       1512772880 456465604 4148425880
                                       2549347274 2645607200 372069777
                                       617370871 4093858036 2360040783
                                       2025495230 1639806548 3535061546
                                       2684336378 3683724897 713873659
                                       1466562392 2514762384 4212694722
                                       3939503754 741899793 203412309
                                       1815105463 2344270208 1015078196
                                       3863396934 3926682711 3005729379
                                       655069910 3652471791 1095752441
                                       2237629073 1379223511 2532452207
                                       1057836635 1976176589 3409571826
                                       1294420624 3284559219 1195060821
                                       1215692757 1455008157 1745445231
                                       3737299767 1777199143 2614666800
                                       1196408316 2200704683 2458216224
                                       1163077696 2503259322 2710447902
                                       1339800789 3605111108 3208603812
                                       2158659251 287276666 3663035962
                                       1594923988 1482161802 3540305894
                                       1094904552 2565064408 976379423
                                       2602003416 2692320558 3396998316
                                       3240593403 1824803205 1231451614
                                       2443583007 1197218535 2526408989
                                       1914206060 2114251569 154626280
                                       4041806743 1442929325 808155848
                                       1685591347 3510327141 666990323
                                       1379934216 3858619159 393943336
                                       1779276646 1386771900 4252356583
                                       3300331897 58477859 2400571897 477525706
                                       2797418142 3959598041 3484962253
                                       1609447591 4217461465 3347206599
                                       1800242352 859343089 1980168222
                                       3767998050 2596399359 1622733994
                                       806323886 1628971849 518725354
                                       2052574289 1375272475 3212344728
                                       1251051542 3652097769 2618530492
                                       1669487558 267079849 4245144800
                                       4274366089 1792012756 2292481073
                                       2425952281 3666399753 3440025591
                                       2006324830 2298185174 537410438 75769340
                                       1316499955 4249606118 3409934655
                                       2355143634 1150193430 2792324427
                                       1406036443 671751979 1189823421
                                       4270419218 1668846002 2103145395
                                       613689199 2448235460 628676710
                                       3756126250 343298307 3454832961
                                       2176985775 990508355 2810197571
                                       3651953913 3000583462 782464051
                                       3074233619 3642283121 949635166
                                       1464943480 1556924042 2220378592
                                       3041151311 139950989 1668108943
                                       2002791637 1118631313 79759879
                                       2488377619 3486351315 4266097144
                                       3458853177 3979192416 143040785
                                       1773254844 1621389150 3752925623
                                       2043868726 3527427604 1187705574
                                       924762434 259842704 4038598511
                                       4166743071 727295033 2391257474
                                       3215342139 387243271 2652219811
                                       3632023557 1575347074 2936735984
                                       1798251013 416870092 126639126
                                       1744686823 942267692 1506320645
                                       154297302 2565492101 438452792
                                       2255686376 2437532294 2760225992
                                       3784228581 3563480949 2260423765
                                       3449034953 1745744916 646544959
                                       2660522655 336046311 500890410
                                       4123747221 424177069 422670666
                                       1200600753 2131025151 2511117499
                                       2145368703 3452898467 3498037631
                                       1665594844 2074390324 1994673819
                                       3446932875 1183092623 4000063228
                                       1806160828 3345245174 3994776503
                                       1071604039 2656932845 1226316789
                                       1306895029 2879954916 1234718977
                                       841082886 1904596585 3183345967
                                       3095927712 646705036 1443930289
                                       3198918269 1497780761 3816125950
                                       1205015371 3860421395 3415436890
                                       782322364 574996864 1975310373
                                       2983579701 4213334557 2725865417
                                       17528448 238751877 784415985 2398382283
                                       444278712 1937493838 3631228447
                                       3509475651 3186838265 1955702663
                                       1883304587 3473568533 3202745123
                                       1044213107 2584734593 3193152297
                                       2313858182 3602690759 3717101351
                                       3575136031 4022200402 205278094
                                       2347327225 1225993113 2670417891
                                       3481133762 4220219118 3418062115
                                       604187392 3847658748 773450406
                                       3226215054 380342488 2740432500
                                       1944401437 1780155059 2855362585
                                       1182607692 343831028 3559997782
                                       2040433252 2041053097 379335963
                                       3317921095 650971510 3170898109
                                       688643750 385111074 1218401034
                                       3449835040 4192657529 2245214866
                                       2304005721 87721806 3058261382
                                       1027670328 636900472 1005543359
                                       2950866755 3178326271 2292202367
                                       2853664389 1279179198 2161371775
                                       1309042441 2794922719 356651631
                                       949724521 1506038493 2687793215
                                       660922551 1141134805 1396985311
                                       4237946860 879642118 3108041387
                                       3674494425 1342273679 1792815528
                                       1752708557 2074912939 292287466
                                       2481773577 3394722 262936744 261198692
                                       1664875836 649227875 575456972
                                       4159274023 163735777 2766197164
                                       639166584 3887098377 2477004180
                                       3185486536 2846492132 2681651209
                                       2064731735 3800382281 2534312486
                                       1981073228 3895508102 3123387243
                                       633874022 3513182518 365438908
                                       4209212093 3818642779 3842393877
                                       3468216143 905846703 3758101961
                                       193405086 2480391073 1561157250
                                       1702316026 904761116 329799805
                                       3194835544 312480092 3884018261
                                       253345123 3883434099 1187509137
                                       944506342 1882906093 3278482281
                                       3517743467 3232391504 2690938150
                                       3987904145 4091393221 3275714847
                                       3091827332 1728351320 2342037767
                                       2013910317 4280818462 2018756406
                                       771121201 1245991442 2648414119
                                       2851245429 2260782388 549178696
                                       321654958 42729927 3348376160 3923806889
                                       3578794607 919003746 2317338004
                                       3326628308 64925815 737339724 2341283094
                                       201808870 1695012185 1217007998
                                       132322532 3380319915 3841960905
                                       2050859677 3106620532 966879970
                                       1813624231 1958119552 434965065
                                       4135344461 3226378173 3259139374
                                       1562635185 152006925 2138428589
                                       3468829208 4022394692 3267799918
                                       4199623399 1548999816 3910241024
                                       207915566 3352142801 1520412573
                                       2611738531 2842487942 913482885
                                       752159817 2488782636 3185168307
                                       3462485624 2348072464 4081690813
                                       50845654 204550598 1441630075 3620499877
                                       74990694 3400778183 1163014509 473104189
                                       2857887981 4020538369 312338502
                                       2860544667 329719488 3950052963
                                       323175351 4278021072 515000790 450450553
                                       4027813395 2170254799 2362198044
                                       4170312821 1415504682 1376334239
                                       4165417410 4199747037 963523935
                                       2240997784 1681869148 2024655032
                                       1729403731 1281800439 720883047
                                       3239447950 1065507278 2630122064
                                       448206270 2419519697 865895090 65195802
                                       1558496962 1637920623 3070145917
                                       1326458821 1615862924 2819841850
                                       2988859779 2926343801 2207222718
                                       2906172611 1494122396 2445443223
                                       977627939 3370463186 285340937
                                       2099354072 3052582743 3970088849
                                       1119567407 1071788738 1856471437
                                       578084863 725066313 3553978740
                                       1901058718 4275753344 3276024114
                                       3884393414 206737555 3728961901
                                       1390537076 2669400929 3072099320
                                       813879671 2950602693 1624340911
                                       1084535209 1604771155 4075135117
                                       376173871 1282826932 4015723111
                                       3434150469 1836301238 1520530024
                                       2483750541 4079782713 1728758311
                                       2401140357 2350973776 3317703711
                                       4141427519 3066488969 3943407134
                                       1818110024 260110081 2205996574
                                       4177170165 2577524270 1629098600
                                       3768299643)))