#S(RANDOM-STATE :STATE #.(MAKE-ARRAY 627 :ELEMENT-TYPE '(UNSIGNED-BYTE 32)
                                     :INITIAL-CONTENTS
                                     '(0 2567483615 624 2147483648 1618934102
                                       142306520 2728151823 3208985088
                                       782206320 227722917 2778799791 300054413
                                       2819217187 2535071513 2076349646
                                       1741543745 942371630 1585336819
                                       1410684536 3988280129 3813013936
                                       345476297 3442979413 2022195321
                                       611974374 2674296756 2063983747
                                       3083496615 1499424360 1386750578
                                       738914113 863961570 294511965 1826801679
                                       1378148869 1813445975 1200752482
                                       31484749 2527491765 3775241798
                                       4283311615 34129556 600988213 2291653101
                                       726851338 2307966371 588651806
                                       3989885070 4067576172 4280551107
                                       173842883 903763482 3635679566
                                       3152620794 973395495 1585476968
                                       2086300256 3771187701 215765196
                                       601237318 4050451337 3678797947
                                       4159065013 1266609595 187264655
                                       1024610613 3069817030 3244876770
                                       1090954049 228447616 3773223019
                                       3194152742 1294599981 3545741295
                                       2330093000 1138681972 3612227898
                                       2519771062 2232511457 348759873
                                       2191823628 3167871664 3842876123
                                       1930374417 3391447636 2434985641
                                       3084327350 678191763 4003085024
                                       782981561 3500094374 2769812203
                                       4172082737 4100293145 2772134451
                                       3272568242 776997969 1567569304
                                       565322030 3906296421 1041180437 52815985
                                       2811576678 775830137 3445200593
                                       1560635942 2898960544 3500291473
                                       246802015 4121533458 2023333598
                                       263989321 607239738 1792976695
                                       1239541907 1268725807 4094471880
                                       762916199 525470365 2861272581
                                       2347774988 3333088274 760889821
                                       351212297 3568848140 3591751682
                                       1502876219 2891213807 3625112583
                                       751136790 707650790 3775394801
                                       1186468943 3069972678 728962660
                                       1652426597 1552271670 1039103394
                                       1424293181 3084495962 2793954831
                                       3107320566 1083553936 3739498360
                                       3241192846 1374121098 199484610
                                       2673769465 25186473 3549631971
                                       3982556834 1849961925 764129771
                                       3420400435 1988680308 3762622723
                                       4187635848 545978785 532427337
                                       3603073584 2406637774 2957452551
                                       3111481855 2670876413 1146208856
                                       2124341074 3846501841 1225864099
                                       1428267383 2740839395 1070391784
                                       1557221925 1423681552 3161597159
                                       2516101737 2269649627 1638788672
                                       478549397 4020537767 2186236703
                                       951239033 3267702380 2938644031
                                       3571914998 3790747255 3748988276
                                       407901832 535616225 591006567 4226837919
                                       3207449083 3787622195 192242091
                                       3532740340 887219650 3809577380
                                       2150670947 2174245536 3689578297
                                       3757998234 2823114615 1024164973
                                       1356998064 120190730 3199041322
                                       1107601956 1982567497 904419325
                                       3839151035 1698971065 1633493332
                                       3835248702 184430501 4252141757
                                       2970419053 3795945336 3045949120
                                       2620160034 3610701666 350710469
                                       2456492492 1834346742 3901098181
                                       872493030 2267551409 1584114437
                                       531332505 3391418104 1867328160
                                       1237353493 1486244042 242903241
                                       3827799688 3579011978 1503574451
                                       818413714 1226334857 2236985291
                                       795327973 769719661 1476355218
                                       2427425175 3920160718 4103633562
                                       2029980191 4228488665 1978188210
                                       2581760339 1889901877 2449128277
                                       505437393 374846399 3068143700
                                       1362946579 152484020 166107392
                                       4142242625 2356201443 3857602004
                                       642854534 2341769510 44770141 2792233998
                                       1777995735 2616029064 237874583
                                       2561024416 421865849 3049033552
                                       2225724748 1407869858 1094817904
                                       3400667136 4259994528 1454481681
                                       296845054 261118537 3612550481
                                       3596285937 3789432524 2701934658
                                       3637195863 1964068895 487500692
                                       579798282 1241876857 4183317070
                                       3560291897 3559256250 861889407
                                       3042175153 815944600 768613948 515754346
                                       493393662 19391423 130156357 3968020300
                                       739603830 266666303 1991338238
                                       3127575487 1489222027 2210148656
                                       1350061604 3068829783 2401268359
                                       3716092634 4287752845 2997180758
                                       3974309344 611041338 1927481845
                                       1897365640 3700474720 4292893515
                                       493893562 1304866263 2903092906
                                       1651476041 1503978779 2465861308
                                       969452496 2473958520 4011692420
                                       1597313320 390390821 738288542
                                       1353361199 3495745623 1177878343
                                       909929187 2522926376 3091752042
                                       1741206639 1812885778 1661189519
                                       475366251 1818645181 304957677 78476449
                                       3847812528 2512139146 2594176860
                                       2341197885 3563506234 2463407260
                                       396317843 2665817848 3819849711
                                       2442246439 205168579 617285129
                                       3339724069 2516600202 1490276576
                                       176803942 1277546746 613271019
                                       3635150566 1934753213 2984410124
                                       3782677432 1360581371 1716532206
                                       2800222158 808646889 2193175830
                                       2892442252 4235256900 115451723
                                       863002359 1260375239 3562137080
                                       2794680169 894885458 3077914473
                                       863484035 2863672357 1231904879
                                       570260828 1064328381 1773090347
                                       3912529824 3852285327 1448240822
                                       4174341963 1621212018 2744000656
                                       508058599 2285221080 246970336
                                       3341660696 3919468826 1031294186
                                       1975656526 3615924517 3843731977
                                       1496689514 4162684458 2205827477
                                       1248293805 4281862947 2905097751
                                       762209199 2402953599 167618237
                                       2864905194 2067976719 1133429894
                                       2399506865 4079599405 2314365460
                                       1171804575 4200461590 1868277934
                                       1347284664 1102368777 395543598
                                       1270611520 2245263612 2269168371
                                       1121401150 106153587 4284670425
                                       424546585 3481833604 263223604
                                       3657346158 3353323098 4045636027
                                       1549768833 695953061 3014196891
                                       3656713045 1031380685 2128077357
                                       4063326246 2169575039 183740712
                                       2158539602 1444816142 1155751124
                                       3110090635 1005986738 2472744021
                                       2339349543 311450074 2093840708
                                       1841371037 2282631625 866311127 46856986
                                       4282468191 1820298208 4047870360
                                       249860614 639368793 799675612 4257477487
                                       3096356738 1099613916 2345034122
                                       3677931109 3879783859 4287470947
                                       736899624 1578389814 3167046210
                                       1900773374 4269334735 920269359
                                       3020994106 2146426289 118384569
                                       3868683262 2866928465 1118873259
                                       1856813668 3976701582 1526536656
                                       2637621570 1537413675 3840329817
                                       676571471 1831762879 831035677
                                       2646225827 3374637947 1611257527
                                       73098123 1214085513 3385949083
                                       3002610487 2257016240 2204713592
                                       1918894256 3620540286 2416118474
                                       4109656117 817851196 3252539291
                                       492052586 3674661392 4020294216
                                       104751048 1220898718 3880371694
                                       2981051903 3784671008 1579973459
                                       1862317701 2173245996 2185283508
                                       2239345175 2387741440 2416458481
                                       811904698 3179607990 926149593 517564009
                                       1463197687 1853678050 3939345509
                                       431636116 131460700 2134968765
                                       3941369029 4063419128 1245667541
                                       1096856375 2949447227 3070887708
                                       2468557329 3704148963 2793587725
                                       3360676415 3742477638 3367159000
                                       3407160950 929201741 765708064
                                       3014349879 1246672496 1951691048
                                       910410482 2893453601 4205008108
                                       1904338799 3965982608 1424781880
                                       3132885822 284498182 71494842 1973240243
                                       3740925217 2238331292 258409795
                                       101399003 2835709283 1547277151
                                       3176096932 2617678184 40145300 865817639
                                       2945312505 4049441381 2571315703
                                       178522263 3356277897 477155269
                                       2027514788 2942061963 1776346590
                                       4033486814 490201699 2879234363
                                       1404950565 2859743414 3679298651
                                       265318059 4098456156 3895486190
                                       1047890834 2285888629 985807275
                                       1366026281 1894629709 914587023
                                       3653847846 1062959358 1027134607
                                       179242156 1180284627 2043254472
                                       2168329126 32907667 2205794775
                                       3374735027 2002513701 2189326594
                                       2281811776 573333098 3588925939
                                       1262158016 3282209083 1192014276
                                       21800093 1323865213 2452877561
                                       2630343674 3443629204 2819721652
                                       1343446539 3145205004 4175111481
                                       2964957289 2626469305 703203861
                                       124190773 1354308839 1118442279
                                       947128556 2225117084 1030037023
                                       2399706055 1322745745)))