#S(RANDOM-STATE :STATE #.(MAKE-ARRAY 627 :ELEMENT-TYPE '(UNSIGNED-BYTE 32)
                                     :INITIAL-CONTENTS
                                     '(0 2567483615 624 2147483648 69182631
                                       2370350349 3949871151 298504035
                                       1375670696 3818744721 1160527633
                                       1700535065 2758147903 3377454094
                                       2655715413 2005943096 3727583906
                                       4054319655 1617226153 989669178
                                       3700694690 1656346126 2729518589
                                       1867240907 2320835852 1975815918
                                       2734158709 3404500072 1599594982
                                       2237732729 3077588650 410145002
                                       3578483612 3238534197 3733160009
                                       2132416702 1237158108 99423230
                                       3135078379 2635570624 2542096115
                                       4276502402 3273905404 316857594
                                       1581117963 1019521216 187378650
                                       3899213276 4205878713 2453643886
                                       3934673747 1841643925 1309908101
                                       3420263487 1283948477 2938148093
                                       2746039455 2362408795 3669241053
                                       2350459133 4176589127 1735915788
                                       2833909690 3623538028 2661458284
                                       2653845782 986599157 2103991596
                                       3422808013 2798058358 1523065106
                                       4268238254 3970680290 4283615985
                                       2633533236 3111933807 3506058265
                                       3405729772 1380282038 1012221302
                                       2631042368 1848924337 2037469636
                                       3752685773 3798265981 2748013985
                                       3508545785 3850854345 1582473977
                                       2618111353 2446181 279439798 35305994
                                       829730327 2664700111 1828927409
                                       3558283345 104722417 4246769159
                                       619343869 1572785164 1973301687
                                       395396309 1070102489 2054446227
                                       3193914428 587917490 723447873 955075521
                                       2557796803 3228446421 221071417
                                       3584151013 1457956812 2478183748
                                       4280226547 1686530606 3969449833
                                       2683892862 1508841171 3448982930
                                       3902631393 3207957801 1379127761
                                       3923011719 1239970278 4257640563
                                       2109253921 1341041489 473155435
                                       1645228857 3476524872 3831538497
                                       3008536900 1764892217 3140123300
                                       2255438783 514579797 1473639663
                                       3764144397 1849131762 219931495
                                       3228057657 400408964 3356995612
                                       2531995016 3321447080 1213016428
                                       1230885925 3195712382 756411048
                                       1108565043 3056097380 1538291325
                                       2753539430 878609950 1177124386
                                       1425837060 2773517148 1303419962
                                       3556492453 2346772456 729578729
                                       1297325677 1000253217 3296121184
                                       2411561649 852613656 1672071008
                                       4061609052 152987012 2897998015
                                       3428590928 607901359 2766006668
                                       1389266263 1150178918 3189020917
                                       2939093235 1987446295 1297347615
                                       1696728253 3118805737 281050928
                                       1448385207 3572571850 4024046295
                                       3272913119 315687495 570608506
                                       3300802060 1170609562 1344808111
                                       1751939844 828856930 588339339
                                       2860101627 1944096461 3076775055
                                       2554290332 3354215397 903313433
                                       459119068 597046832 1033201205 255127579
                                       688972846 1793672571 4064049788
                                       1984362600 2730472235 3756916964
                                       2057432077 303936173 1780801148
                                       4282242367 2245665107 3042994312
                                       4017481485 436727059 2775454060
                                       1466642014 1068349193 4189537548
                                       1364477413 2226190062 964109209
                                       913517452 3632640613 2459080434
                                       2367865354 3742282417 1297937338
                                       4069163435 2837413406 628892996
                                       4027198770 4134773598 524556588
                                       1794746166 215676731 2829901950
                                       1869377970 263233476 2369788634
                                       1664842173 1513076917 1627070821
                                       2567269401 2112552614 655144236
                                       2414182113 137143116 4110410515
                                       3883166232 1568418855 2601155096
                                       2896771042 2329967904 1274447172
                                       2263258041 616395010 46718484 723021536
                                       1244323518 3637908635 1576513319
                                       681409542 2950879005 1679420370
                                       132635143 2116032237 300983766
                                       2548710871 151462555 1613623600
                                       1706994733 3463897472 2380373290 8402033
                                       2792404564 3563162217 4284529678
                                       3423773983 487375283 513331142
                                       3166637325 1572401988 3228932207
                                       3453260441 2019230188 3315320990
                                       3519149810 3857114117 2716357891
                                       2092359316 1027753020 3161322241
                                       3266812007 628559532 1024587841
                                       988222295 164271806 604737741 620985222
                                       2232800648 884055855 890028325 639839372
                                       3977205715 4203580365 803205047
                                       3590525915 4202355538 3493285881
                                       3999620044 3765571477 2090972055
                                       849221173 3516149447 418949252
                                       1498818515 2603118794 3554294318
                                       3863703627 1431404595 2493898490
                                       637985519 1677110176 971437471
                                       1560669593 2739726635 1731723563
                                       3224604778 1544792001 1941643820
                                       273145547 2649815386 4172378704
                                       432384710 175005783 2312606905
                                       3722512042 702705084 3291074510
                                       1980971770 1058659183 1737675494
                                       3332960981 3642662698 3237207234
                                       1464630944 626123749 320112347 844784908
                                       1396183191 944155382 608777797
                                       3176755360 3353313395 3577481922
                                       2913555023 3300225861 3800991742
                                       3026846984 2983487122 1268839137
                                       1343076009 418071778 3085126807
                                       964491288 3976395405 3548150027
                                       1116976899 3134484250 816390524
                                       1512092924 1172131258 347369590
                                       860254236 2347627596 4078256353
                                       1322786186 3250520080 982951386
                                       604608413 423574975 1087557309
                                       1946421901 1800130118 2165075917
                                       1665369260 2281699439 1614887696
                                       2634612113 457626205 992599211
                                       3957716785 68625633 1882745270
                                       3075296877 3926385184 3454908547
                                       2496729346 2107203459 1632590096
                                       1158359106 3199723986 144972836
                                       3179008138 508931902 2251173150
                                       1180865552 428217652 1753810153
                                       1735177395 4173296087 3784951899
                                       2095720872 3273007812 2386073325
                                       3095103693 2221072408 91636269
                                       3256674480 3316724209 1148189705
                                       956371048 2459368571 2369682236
                                       4088099330 1723292657 3265515450
                                       3520497521 611854502 675525129
                                       1485287957 1499058014 2695837745
                                       141427820 1686048127 585315540
                                       3383126206 3620631596 2762969291
                                       1666711697 3291919941 2358426190
                                       1144785742 15238345 2851984885
                                       2524385337 668632244 1975520077
                                       2546605962 3935744156 322372945
                                       3799918474 1142518190 3656358273
                                       3033899826 2579316730 3111807209
                                       569925924 493868719 953936631 63618269
                                       2365021465 3265147985 1714927205
                                       1460266386 4002886281 2290009616
                                       3085737121 1488258690 3761435221
                                       2184934946 3027531891 1195005333
                                       4143876949 3884697802 894759156
                                       1170706200 698773861 716611340
                                       1109136442 1490900445 2475669315
                                       2895148051 3410878168 3757095748
                                       2110831829 1097420601 3262178456
                                       2205133531 586804279 630002651
                                       1985892389 2094257288 626783483
                                       1702669624 2370208423 3349522510
                                       3064622708 508752194 3409409657
                                       2253292423 806115081 999438563
                                       3680423891 1843553812 4085143482
                                       4146961283 3774491114 290671120 9592421
                                       3062629633 156772363 482287757
                                       3224726198 539627622 2175229409
                                       1911046547 3310999471 3247192845
                                       1395020501 4190066013 56793703 327830287
                                       399279439 2450618873 2487565996
                                       4242792775 3215747479 3177465392
                                       1251103426 1380986393 1957410394
                                       3113675292 1746828891 330203337
                                       1966572074 1396492097 130913940
                                       3744127221 2325241760 835298775
                                       1004255233 1029804868 3301185311
                                       437222908 9416069 2102240098 2368207352
                                       4204299368 679534653 81036957 2223742303
                                       3236010569 2422610226 180787919
                                       2308113305 1395173370 4222962738
                                       1849235548 3411360234 1826087799
                                       2382594578 3522035840 2430307460
                                       4167164528 2269442869 688990333
                                       2579135228 1969862524 3557303496
                                       2723558373 3884936012 3613243415
                                       573853951 3849434510 3955007873
                                       2272190238 3432803948 2090861834
                                       271097640 3557246326 2253232793
                                       1998980591 952196820 484441712
                                       2453658352 3426914612 1134650994
                                       794759460 3923484519 2298795274
                                       2305487290 2547133987 220644323
                                       3544184438 974042624 3584245106
                                       565304608 2529258001 473433663
                                       4260991584 3255373223 285912212
                                       3385747888 3866541868 1855193316
                                       4209469427 95320654 3300903636
                                       3315174896 42159073 197132887 2601846136
                                       1299709914 1809640919 2170027308
                                       2335839034 1652783806 3397693964
                                       3928583153 4218861333)))