#S(RANDOM-STATE :STATE #.(MAKE-ARRAY 627 :ELEMENT-TYPE '(UNSIGNED-BYTE 32)
                                     :INITIAL-CONTENTS
                                     '(0 2567483615 624 2147483648 3517580605
                                       2200425033 75552849 4289353316
                                       1630484057 3272953660 1283047911
                                       1112608303 4019816071 1283408284
                                       2382720220 2145884505 1551901631
                                       1823740427 1165228697 1177521004
                                       3832960616 3607140819 617303279
                                       3303156645 876620755 4110733695
                                       2733568078 2268437626 1712992710
                                       1157302726 645765372 1425142962
                                       292667265 836833215 2038942572
                                       2721623054 1463596241 2829846193
                                       720086293 4013977400 1519673291 93132626
                                       2930253646 101799344 4198006011
                                       166784270 185334671 1011443147
                                       1343989738 471929313 79026042 98561922
                                       3310596403 67134937 112761457 2471091518
                                       4282642832 3579936103 3430973557
                                       2106202227 3996250388 1049329341
                                       2123171802 4276575355 2337511755
                                       269500175 2493470317 2571803268
                                       4198374912 1034648415 2831770026
                                       3850985701 2933473507 4265941749
                                       4281161924 3242073709 4071749451
                                       2112911034 1862981970 2239171169
                                       3879921373 4090258267 3106605011
                                       2458062939 2728545677 1740776826
                                       3844512879 4098112003 1617958288
                                       397978728 4104512655 2131883150
                                       197216595 189717416 3241976878
                                       3869771759 4202505424 276930557
                                       2169175597 4060618722 3893705088
                                       1732831637 3715761977 3788556328
                                       2396032219 1406844408 3533038815
                                       1573513141 878639788 2906651139
                                       1428801230 3416162807 3187404400
                                       2873165109 3618054707 2058292435
                                       209536289 1764359748 3800264204
                                       1375333621 2474045699 1053099463
                                       603775535 3092058578 1410331310
                                       3230894212 2848294494 1698117282
                                       236169449 1422875888 998743877
                                       3833442440 1760256304 1516889116
                                       76824703 1094822530 2915438776
                                       1608859854 2473671034 3209644915
                                       523670978 1195231924 3867460528
                                       539740851 1577640963 1619720117
                                       3258318645 1388556638 3496575158
                                       2276969587 3695619526 493645130
                                       2377941929 2872024812 1646108095
                                       1335083472 1103831753 1552787073
                                       1437168501 3218426247 1504650890
                                       2882171641 1797712300 3998814023
                                       4053836180 2708216082 320884656
                                       1336485009 3040532075 1909989787
                                       550258872 628160854 1947256139
                                       2895416953 930561061 3510562040
                                       3608835051 1089696293 898851432
                                       2397570761 2705207571 3423904493
                                       2743600956 3974378377 1847510324
                                       1438956946 1780912351 3312825427
                                       2558149236 1805888315 2825515881
                                       1784870621 843492102 1681070040
                                       2658057060 2027621184 2655532096
                                       3619928388 2892481833 3929853615
                                       756632811 2842229503 3843421304
                                       3528701604 2293416227 1920517220
                                       1392083266 4016959946 2325649285
                                       3179534363 1263647096 1745041734
                                       2454606405 3738160252 3918743393
                                       1273407265 2759687167 2749747895
                                       942948967 4124701123 1126860346
                                       1620144799 213694969 2292419950
                                       3885265229 828062396 2994401695
                                       2281710055 3845994350 1268259925
                                       533107865 2450317536 2841317636
                                       370668600 473145130 2311070499
                                       2103325027 1975151434 3435875489
                                       2162134570 264955738 4048245390
                                       928252560 590028237 2602048096
                                       2095895043 3859983580 4092094084
                                       2361569537 1009604041 4207201915
                                       3071155839 1859231629 2501172626
                                       4028628410 792189220 1834732012
                                       272634366 4179074573 3907250224
                                       2316743115 3790257054 2358063009
                                       3294344222 3492183181 2676571778
                                       3216339352 3760587431 2715203247
                                       3706270708 2757871878 2099853571
                                       1260267869 3517204153 2545122790
                                       2116753897 1695287533 3674415455
                                       1566072517 406781367 2616782411
                                       2458918990 2820932520 1923847355
                                       1172381309 1607598985 1166105304
                                       162091648 3816149090 2609289859
                                       3118754210 2205257583 512033946
                                       3549276395 1197201219 1813695058
                                       3023058987 96087173 1011435276 135629163
                                       261750810 395651895 869623107 2220388088
                                       4032065003 2594625160 3413682647
                                       3076554401 2306850925 499321799
                                       3572211953 1169667193 151952296
                                       3536203142 4246823202 3022226469
                                       3720971320 1148223598 1127803122
                                       2461214282 2256120776 2861074348
                                       365943750 1164117689 4029485826
                                       1427632615 2249015985 1262566804
                                       1434726939 184105449 2728264679
                                       1975276356 431270670 3289205564
                                       549168774 18340439 3559144937 1342358730
                                       3495310228 4287373409 2280238040
                                       2879236020 1103981787 74862950
                                       2838548135 1920309914 1728136722
                                       2727354144 2184691432 1059491218
                                       1253246140 2886217566 3727526837
                                       3102980946 1894675123 2688272555
                                       1708735704 2389919128 138141820
                                       2919502009 3355876349 2916321553
                                       2453289067 3304825503 3921254912
                                       4091689352 4150931636 1600238669
                                       2247633347 1417801134 3220692568
                                       247429828 2979960332 2598124943
                                       1929941149 2640132017 510086283
                                       1269891605 1635830598 1603654637
                                       664062649 1001126818 2815358580
                                       3734992362 2559304058 118258286
                                       1417999149 619688562 2689873461
                                       2095956705 2915401183 1624736149
                                       2558201252 3345035833 4235577515
                                       3851662874 1941385463 2582238592
                                       3504246095 4196079371 2037363354
                                       2302077138 3554582072 2280378417
                                       4248866273 2158791949 484261968
                                       4133185288 777189901 3581766042
                                       1178580014 1296780603 1208082659
                                       3352781950 2284975120 4100334866
                                       1000992317 1321300388 2950696814
                                       2980621222 3763386704 1086273692
                                       120880020 87886260 1418647070 3507031949
                                       792538325 2836816718 4028496057
                                       1630353048 2450814667 1714913562
                                       2069172274 2611072698 2467303896
                                       2725481883 2919281424 3789499213
                                       3639201873 3836345472 1895557403
                                       3169700868 3993241747 2892871196
                                       2801778249 4233751860 1426579882
                                       745427973 9651844 4034706276 2226435513
                                       3026490951 250591693 844074904
                                       3779344307 1464545080 1285686942
                                       3867839540 3258639156 2458927392
                                       3115357679 3644625854 3454184400
                                       4234629094 3356649536 3879675614
                                       1959974989 2612808150 3059181057
                                       3768030987 2756203174 2232200385
                                       658235570 826182873 2012541342
                                       2083574185 1285620586 3486697682
                                       1816652413 4149294019 3968995959
                                       4163863896 3499693952 372240840
                                       184029618 2038300817 2066551348
                                       110182923 2556212825 3782369256
                                       767326282 1644661686 2623097508
                                       2070460378 3582302681 2075751325
                                       1180241330 2767809332 1299466034
                                       2016898198 576446320 1270352904
                                       2670424267 3304212189 2492327735
                                       2914116202 429067560 2033660674
                                       2653625045 875137018 4219916103
                                       2487316608 1878287965 2586751259
                                       1209044567 2113617149 358380834
                                       3129123252 3064209725 3091021410
                                       2880828216 1928033077 2069299855
                                       1749481073 948931152 2474835889
                                       2368105505 3998066465 2673660329
                                       188685791 4223711702 4214661026
                                       486136533 2271080328 3016289633
                                       1987144870 97037040 2242777854 501128970
                                       2016850745 3623900038 1339680186
                                       2660587373 545555229 3584225935
                                       4138940017 4213992685 1144187622
                                       308308039 715245426 42350465 1932415835
                                       2622335781 1559048757 3571485071
                                       4070088841 832759088 335745876
                                       3503749785 2345607158 2744184836
                                       2814048430 205407666 361051809 910179657
                                       1010064473 4175128174 4010892557
                                       745848948 3121692417 216774684 218922929
                                       990229835 4121832728 2656461436
                                       1409989735 2046888751 1352099424
                                       434436227 3443422637 3526994734
                                       3469918630 4286871318 3694579369
                                       2963130588 3075346792 2206771798
                                       2154350419 1911899773 3434279072
                                       3619167055 4194126785 2096463639
                                       2707391369 2654357264 1571990156
                                       1299816702 3084951251 3371193643
                                       2710560658 3949973165 3308564262
                                       1871634975 3611684764 1913060316
                                       2349506513 3286832527 1230325341
                                       1370634043 3487399828 2277394566
                                       3770701663 487163023 4134246289
                                       1922915625 900070556 3183122545
                                       1624883193 838392383 3895914582
                                       1546201467 2021594864 1526683187
                                       190484450 460530561 2569043136
                                       3470733014)))