#S(RANDOM-STATE :STATE #.(MAKE-ARRAY 627 :ELEMENT-TYPE '(UNSIGNED-BYTE 32)
                                     :INITIAL-CONTENTS
                                     '(0 2567483615 624 2147483648 1936438928
                                       2727605911 3703192288 3607521681
                                       3232392221 1331206487 3265792916
                                       3810203948 2095935002 815262904
                                       4084861701 625722411 1490599251
                                       839250191 1894581514 32551218 3334271370
                                       3667442762 2267440572 235646342
                                       3944360335 116850265 185263653
                                       2717490771 3534395080 37130429 877079393
                                       656770032 3618160638 901631238
                                       1957041631 2144406475 1467379279
                                       167291475 2946786434 1364035466
                                       301270728 3729835824 2669262946
                                       3628309392 2905541780 3868495028
                                       3951331915 2277693947 130075417
                                       3144983527 1701535282 849937255
                                       2237152337 832847116 541905854 751267984
                                       958459615 2241874671 341258171 958061081
                                       3623940010 2322530923 932247728
                                       3307565887 2148487620 3456137396
                                       3569012717 4212084288 1012815264
                                       2302983235 448651247 4261452926
                                       2068619324 1439760847 4212766788
                                       1498052042 993545879 762753653
                                       3192858159 1008631001 3459740494
                                       4244753255 871321560 2958939985
                                       2171854017 1466580701 103592057
                                       3306785488 2568016710 2702574473
                                       1818206546 2589313268 1879027965
                                       3001478185 1227291356 1793342883
                                       4085597438 78456496 1835125771
                                       1769699319 2528293147 3713599731
                                       3065874548 1708139325 912455371
                                       3931255243 1950159953 610533034
                                       4247621136 2564909280 3103037818
                                       3069906463 116929013 4108021436
                                       2908040688 766382892 691942032
                                       2299810316 490992744 1773297245
                                       1028487009 3934105531 881388378
                                       2258135908 2295592496 1404109345
                                       3232921262 3638403899 1773073012
                                       286224356 1775089820 25102879 2166022468
                                       2344328031 4185033369 1774824207
                                       1216024646 985636436 4264715161
                                       1030623130 3364611204 1111326652
                                       97194207 2640656188 784765426 1090798591
                                       1456582486 900360305 3174108495
                                       2085398588 1626577592 4174367585
                                       418777277 3144539150 1178558233
                                       517902664 1309117625 1837247020
                                       2718141951 2343341043 3799257574
                                       1340962985 1657238392 364803927
                                       1089280395 2597804024 1278977782
                                       1010147991 214218252 409539845
                                       2787704763 281353571 462042667 651712630
                                       1411939717 3279675285 4139128772
                                       407440506 3088542846 3054790327
                                       3210846724 4197255903 3919420922
                                       990422251 1610408141 2821370650
                                       2419099092 3000405838 2120398574
                                       370928507 4019630724 2322319944
                                       4099998240 617344724 3134199615
                                       3078401098 1626263104 1144000148
                                       2935424100 1896122221 3386845024
                                       678740892 3498355432 126902055
                                       1490855172 317015460 555034687
                                       2169751286 2006915646 2693018054
                                       295422438 3379211223 1719642042
                                       285174497 3817129900 454905861
                                       2439387556 1642157207 1471418201
                                       3165063881 3081165524 1802806386
                                       849929781 2933661431 3322614899
                                       1598856570 282800154 819232170
                                       2987785854 2854085898 166599560
                                       3943081584 902406262 1772475793
                                       2592709695 1929180047 3081431352
                                       63934785 1275901594 1168271293
                                       1523994382 2555435599 110285806
                                       3850275392 826720306 2929039893
                                       2004932964 1794285350 3185341303
                                       1197358881 1185090762 1761237342
                                       1968424801 1394162381 4260846339
                                       23720856 1254791013 2620739425
                                       1441823322 3351966191 3516295744
                                       72031107 2333928921 3640156717 981696443
                                       3891210965 3053198807 506090406
                                       1119241485 1625434671 2173716163
                                       852816356 2865694878 2126877864
                                       4194700769 3952117647 1836285277
                                       2655177881 3301385433 3738481947
                                       854444336 3112234996 1413846288
                                       3314602193 2334729674 1930538253
                                       4115387447 1909913101 1079875775
                                       3776956656 1365305047 583342996
                                       3221543060 3330497992 3672573538
                                       3685766562 3165816774 3301297486
                                       3613358679 2712889083 865218338
                                       2942767686 3811934976 2766388440
                                       3598694974 1167431460 3029048168
                                       3176890946 755243238 508238978 82032495
                                       89972759 1955804203 388226702 1853422232
                                       4073387063 1847451086 2185880381
                                       991363458 3153844847 2598866273
                                       1420689353 2505137954 2262739512
                                       2028255734 2332940574 2727948858
                                       2550811458 3805543398 1258060994
                                       2891264387 851242012 835937353 611794401
                                       3034810399 422261713 1401834663
                                       1847863557 1872931409 3224663486
                                       2009343846 2195499544 3030618484
                                       3115674286 581069461 607088432
                                       3687197756 1334669511 3205404920
                                       3595143372 252986404 2795226400
                                       2866113519 1332463116 2441351535
                                       3529684028 3846079267 3622774985
                                       1622446279 1557212865 1159235282
                                       2650492425 1553648675 2128371809
                                       3718347432 2252936101 3246537230
                                       189218483 901503991 2965452985
                                       2648595490 2116453057 883917038
                                       4220943642 2173568560 4262508204
                                       1875366621 3353921457 3108125688
                                       115375823 1785724385 2940520210
                                       3267063472 3326476298 3188453500
                                       4240608623 2763383654 1649635445
                                       1846742333 3243503353 2452720233
                                       452579261 2662694700 189883756 610055624
                                       1653133523 2644338668 3204511900
                                       1627554522 3688138577 528234225
                                       3745765028 2426866450 2433753120
                                       474811472 2986896152 1012048301
                                       2695912209 3215220689 2413984448
                                       4260357637 2094804902 3824822553
                                       1696891315 2783210171 605749073
                                       2302642537 3913330528 2963421326
                                       2217747400 670888654 1238016004
                                       1243062851 226826271 3477827534
                                       2883412072 1090248260 2868047372
                                       3421202366 4016746367 689933765
                                       3969097819 2101786669 1123483256
                                       662634428 382012070 2993116452 443803065
                                       559159114 2887449454 651000845
                                       3420762585 3224051621 3186311997
                                       3980120963 3361305883 3580506728
                                       2424819802 228106053 4079261107
                                       1171863305 4057987956 2560735446
                                       112289156 4160290794 157173426 760737449
                                       1960782093 1396464402 929858471
                                       153645860 324000528 3772309867
                                       2912813754 2657778452 3305030761
                                       1034258634 244749270 2283945783
                                       100216021 2879133036 3783403008
                                       2344276378 2796086339 3008954086
                                       1968243156 1296537069 933077190
                                       3619725129 3529338504 297265498
                                       246757252 280476209 3037822612
                                       4114637980 2238480890 307454747
                                       2589185774 3995235295 408865756
                                       2808415152 155562797 669299239
                                       1432452850 2468252428 2304877873
                                       3755260196 2130466973 3649130905
                                       2742729350 2818092941 2789110691
                                       4245735244 1793216240 1587061346
                                       1281045235 2223804430 745621271
                                       1215490847 4009551616 1058034413
                                       2293210322 1614141173 864049999
                                       344889210 3997927318 64977645 1494590626
                                       2291397235 4221332056 2467502698
                                       3579547555 3124016262 1268292947
                                       2201607937 3128741971 1983499231
                                       1128617632 3008598991 3992429451
                                       3049826104 1317478118 3967819596
                                       2834353155 157722093 169157568 645030625
                                       2002447446 440828643 2249543607
                                       542781680 91033245 3968208342 4043486237
                                       1824541252 1067234731 1526359740
                                       904147104 3504059691 2000469205
                                       835240088 1322393555 2341691872
                                       325103672 4095589808 135342742
                                       3468672487 4274068315 144558104
                                       3443118985 2976974749 1313154007
                                       1111008561 1776273049 4176010916
                                       3572821801 175445369 935927843
                                       4013303273 691075749 2288326691
                                       4058846879 1146289167 2929836055
                                       4166256987 2700072610 3315060231
                                       1407522570 1585406868 838731836
                                       1974180199 3099502789 3185096186
                                       4158718180 2505647965 2142761095
                                       2386921752 3994507550 2385316972
                                       4118662008 2479527326 4033731404
                                       1213816743 1539096991 1819051848
                                       3869026250 3835064336 770615790
                                       3662541007 2827710060 2412860327
                                       1510600149 342670455 1188267762
                                       1256226015 94006110 2107985065
                                       3869587251 1806508882 102008708
                                       1228729808 917098584 3195539803
                                       2650119506 1808007206 3370342611
                                       1416468331 458901308 456774316
                                       3344777825 889073940 2367448904
                                       1725407063 3542964252 2262324919
                                       3475783043 3183381577)))