#S(RANDOM-STATE :STATE #.(MAKE-ARRAY 627 :ELEMENT-TYPE '(UNSIGNED-BYTE 32)
                                     :INITIAL-CONTENTS
                                     '(0 2567483615 624 2147483648 1228448584
                                       984235083 777999546 4221060815 844578883
                                       277900635 3443084202 2987744192
                                       2509159963 3435250946 619744927
                                       4105029600 2771020105 1372169949
                                       2811644277 462328312 416835184
                                       1758426522 3160709664 3900774732
                                       505265783 434947101 1479651432
                                       2783777339 1678096970 4095060466
                                       2026879433 3119754806 2179130464
                                       1325469201 1078982740 3988653455
                                       2137880062 603585226 360841260
                                       1394040340 2712229269 2176739377
                                       116553513 3923192753 51484715 4147824689
                                       28542026 2207971597 925157326 37381252
                                       3951564401 1784176757 1063668924
                                       1438445854 1509325172 1309935618
                                       1394609566 1615719632 235404663
                                       4194027911 1312907849 3501981004
                                       2769642912 3160775563 2461373347
                                       1034034984 2305847537 1431072709
                                       4232663792 2643415511 2831095504
                                       340162295 2633623530 2423839471
                                       361756668 2462773087 907352000 784749620
                                       1037967841 3138638492 2936794796
                                       794083832 3888731488 1262307054
                                       3926923550 1583505647 1361091890
                                       3732180918 210697763 4256930150
                                       905363072 779415817 653509154 820764006
                                       3915062920 1547683140 1870476039
                                       3220098645 1455285884 2326346927
                                       1494295602 1672956800 68133130
                                       3910391988 1474061 1133059603 3436051381
                                       327690466 2632220238 2200428926
                                       3227287317 4118687326 3622975901
                                       3756330534 4022229158 4177701856
                                       2353752788 2808332161 671375699
                                       2553584284 1728026386 2740984347
                                       615471588 3370334417 3668550856
                                       668997829 4101792435 81804811 398196023
                                       1458900713 3219617985 2328063157
                                       2467598048 1120921214 1653409875
                                       488279950 2191862315 3490172838
                                       3638233536 776856273 2805551603
                                       2356878623 1959788750 3764890896
                                       2270067470 3581694371 1216747299
                                       1734556554 3873805634 3041168006
                                       4290704289 1103805914 504476032
                                       1051123927 3519723333 2651195525
                                       2909320941 1795004011 692336407
                                       3116481505 1656214123 978252153
                                       3060069205 517947978 1625268121
                                       3739016165 4211677793 3325315409
                                       1581260736 1541941929 3488274079
                                       1355577862 2151486839 3273308623
                                       572180111 56466179 2138922789 1585364168
                                       4234156725 2857173763 3722244227
                                       1309798653 3661506997 3574656426
                                       3824067068 4085980964 2908237432
                                       486240442 3473799418 4157509661
                                       3370970391 1803234721 4253776431
                                       778276709 2201594626 3229640163
                                       2061523340 1288360647 2093561824
                                       720996452 456479049 1772797764 815768285
                                       3586995211 3428777982 380591130
                                       1570831892 1972524515 2254375033
                                       1201752470 246148417 889238626
                                       2078141468 2363286899 2722186401
                                       1334948714 97786574 268538817 3743039954
                                       2654942048 3294158285 3496402365
                                       797287182 1351167214 898996088
                                       3201537619 2295771461 31314441
                                       3425016379 1389609501 2330945189
                                       267840960 1769637755 263065137
                                       1048028551 3799668764 1555305861
                                       1590484633 2528747068 689191925
                                       1916029207 622374700 4261965084
                                       3529245399 667926982 785442319
                                       3634902270 2742234067 947319543
                                       3590654629 2371609279 4156915902
                                       1201284581 1664878540 3593314320
                                       41348944 2304312146 2844901627
                                       1928087891 4753393 3395534658 1270165260
                                       4219710724 652265336 3274210193
                                       2657977445 2820648216 3906955291
                                       394944409 5143558 1221636010 3970687017
                                       3224760184 926031897 2826544159
                                       1428802006 520310869 2450581388
                                       3174844787 1334834869 653826646
                                       707004313 3476609357 1843696243
                                       1517364383 1325873379 3965597160
                                       694752984 876828421 795074405 879103753
                                       201290864 1634262499 3185735687
                                       3069986845 2892236446 1046218205
                                       3633770630 1240677548 2045145560
                                       520742422 4290384104 4277797747
                                       3269111508 499615905 396093088
                                       1964473328 3047087380 527194723
                                       3789123742 1778307939 219093315
                                       3756715325 1660581671 3890888703
                                       1830587742 2013705691 905334671
                                       2305928455 457254943 1427316753
                                       1160565668 1504978433 1838933361
                                       2988472507 1701102975 127669458
                                       3905320246 2790925836 3898444344
                                       1117149515 146230154 4035852572
                                       761749672 3980064792 2837350604
                                       3763169248 2288306117 3733692715
                                       2153226992 1327622046 1247624600
                                       70954730 3597582161 3228272671
                                       3439962183 4024490646 3903654001
                                       541531733 252979875 1014546525 200143004
                                       3828698949 1195975197 2912691349
                                       3257031795 3428201542 1174450833
                                       3253961877 892790701 2301765513
                                       3258544172 3976100288 1419650582
                                       2544511431 2217838890 3983931313
                                       1285712231 2238727455 3131109489
                                       4068487921 1908221272 3853711700
                                       2474677794 2469664062 992072294
                                       2387288827 3299036911 437081064
                                       4270302085 1307747435 458963451
                                       3396654777 3381649669 1064424464
                                       1859578901 475627777 1975264830
                                       3382039944 2235072975 2189980729
                                       2271655699 3938244112 4086689689
                                       2816018533 3636099769 3283390192
                                       3855392716 2925301530 814794010
                                       2630408494 2932214987 998939608
                                       1123466958 2013712589 813616628
                                       1688805481 3040858401 799300456
                                       1613210715 2183071759 2595769271
                                       3354689591 1162299911 3342155896
                                       974777017 1181088550 1801445166
                                       2066769883 3994179981 2627365622
                                       4011235260 989955782 2096463597
                                       714597329 3142819247 2942887578
                                       875655198 2849759187 1431105185
                                       2039053896 2943416435 3626694204
                                       2149310622 3877520517 1010357762
                                       3966816838 1227334323 69142512 598254123
                                       2792187261 1604962678 3335158765
                                       20062432 1446079632 1531378287
                                       3309260317 2379832403 2163351162
                                       587174964 3385832421 2742174299
                                       4042436789 155727322 3901071386
                                       4257561028 906355919 2174235451
                                       921651435 3291038892 3639173652
                                       265621839 1330475037 521058812
                                       2688455015 4059446906 417843830
                                       3309717425 1885467434 3179945120
                                       2123197741 648133078 414520518 955111406
                                       1732301437 1017649040 2918037717
                                       380022602 1608246511 4276619631
                                       3479513947 637904952 1038745998
                                       1030335452 79562132 1333818551
                                       2372550960 3045052479 3388873766
                                       1328363446 4125580321 483903135
                                       2904449559 3484542669 1830742099
                                       1961577543 1232496186 768978793
                                       2735715658 1845020277 3143271213
                                       4180228250 3036173360 3727826673
                                       1424813275 342003400 673359383
                                       1547540968 3148393936 1318328272
                                       3886729595 754060739 3765195943
                                       1539485935 2591706886 93633 3018562862
                                       3660061035 2552167293 2750196329
                                       1311023712 584903999 2855336135
                                       3119671777 2489607638 2538701919
                                       2329189349 3460769074 1073715822
                                       1218004961 871750658 419844948
                                       2172656892 3638167772 209450804
                                       1959434938 2501658983 1233476685
                                       2644437577 1179333984 3402666366
                                       2603989845 1604807333 2200985858
                                       1261329315 3703707046 1975651276
                                       3357209480 2269862108 2995361685
                                       2720436202 2675453322 3344343147
                                       3828247596 1253805537 305400508
                                       3261522960 923444094 2284159249
                                       924662079 4290721056 1822383081
                                       1535281692 366940551 3687225581
                                       4085731534 2189575165 3033171281
                                       2614749838 772091120 1363339441
                                       4120120397 1688184639 2134326158
                                       3845975478 2198315386 4141848133
                                       4212713214 1684865203 1820962800
                                       2185431232 1983264235 1224749094
                                       2035618426 2203898833 1709999068
                                       2456886121 4139513431 2690583092
                                       3988860902 3406630635 1786342593
                                       4272190243 2619558261 1591095598
                                       3401641175 1756809835 3150449441
                                       559510057 3614635504 1873801585
                                       4000066307 1817929347 3712338360
                                       1632220132 2267581554 3320055941
                                       3568959137 2790067310 626190566
                                       2768159491 4196834703 2427496449
                                       3565147947 1684758279 3277855935
                                       1407468062 1684106965 157995180
                                       3480397765 1977531942 2772322574
                                       3199610845 116872429 3909945163
                                       689856616 4134380362)))