#S(RANDOM-STATE :STATE #.(MAKE-ARRAY 627 :ELEMENT-TYPE '(UNSIGNED-BYTE 32)
                                     :INITIAL-CONTENTS
                                     '(0 2567483615 624 2147483648 3333035636
                                       2496138601 3584615037 3778136739
                                       160774774 2141841825 3522174525
                                       244049856 816876537 2863666267
                                       1571858394 839458280 4010696020
                                       3114306450 2043422657 1043362647
                                       1246657252 626853487 3249387108
                                       973787634 3722497462 1098381066
                                       3802428179 3641509359 2942521451
                                       2817907256 2507656217 1951278195
                                       3287957395 3615705400 1748383994
                                       3648546737 3382773117 2889758321
                                       2397290870 2900296746 1643181 304714039
                                       3897071807 4258498225 2395346785
                                       2507099661 1708563737 2457063524
                                       3396079581 4111271277 3127587324
                                       2885768576 1140923471 3045847074
                                       4244723609 3863558241 1012220771
                                       2770936594 788624284 3345491608
                                       254302134 326942744 622721145 672519875
                                       3628313327 563004540 343031933 861152889
                                       233949131 3018531411 2896048268
                                       3634724648 3852293002 2393501911
                                       3516553365 4081041949 1714447048
                                       1137627087 1900273152 922171115
                                       2667173835 159707401 826043763
                                       1836905667 23990698 3828041004 13667746
                                       459419186 1052727165 192568672
                                       1017414215 3313213103 859997628
                                       4181583888 211454341 1066444736
                                       978426356 601447896 1093076782
                                       2227892171 3491957078 932285301
                                       918145257 3523632778 488604690
                                       3719406108 3942635538 1464891204
                                       128024402 2973144346 757774845
                                       4004933820 2243589310 568440740
                                       2334331745 396384312 3553141919
                                       3450082984 1761957917 2181516329
                                       2867080491 1159140643 950868315
                                       3787348634 2868731056 3273626315
                                       3202685385 3175727044 1064037724
                                       2886155931 590735114 859935487
                                       1917363719 2520482277 1021616797
                                       1272808809 3881217916 1543086767
                                       4195948230 1799491106 2978725717
                                       1977164943 2409788612 1106426221
                                       3750931636 1475391402 2509295353
                                       2691820472 4011792460 2046059502
                                       1229750314 2910246914 3762436515
                                       4107160960 764663126 741959767
                                       1992929035 4004202197 2592660641
                                       985062205 1059760620 858632333
                                       1685085852 1777265443 3626424539
                                       2646302227 3361300064 2681285307
                                       4171217374 1161831697 2321900765
                                       3767963771 1283335680 17426937
                                       2873930867 2373602186 1507492024
                                       4184114294 258013285 2389233766
                                       381422061 644280881 2210013254
                                       2785908881 75002432 3877231784 984472117
                                       414103165 3189793230 802965973
                                       2478461836 3991157687 2553170072
                                       2514557972 3194456261 2875415614
                                       2290920638 3397455107 149871979
                                       2903890611 3011043632 3633607190
                                       580434601 2513030679 44164432 2491440725
                                       959618032 1373057169 1381267558
                                       1897293378 2485191884 2880497043
                                       633338695 1670920232 189972498
                                       2287439492 616868823 3299558663
                                       833094363 4023363399 644169209
                                       3439128005 2852507581 3645571947
                                       3837822846 8653298 2211840358 102265270
                                       1401914259 2500905459 1510439080
                                       3331581867 19949355 2975014182
                                       1510067364 1100819869 422473996
                                       1274070511 780085699 30558189 1317977144
                                       1869710704 2842889455 1040493201
                                       4047433287 3913345970 664842207
                                       2689112981 602164423 3989229276
                                       4073064137 3560227225 2048801525
                                       1221169091 2930039432 2635980087
                                       915586295 3060741931 1197904776
                                       3819051547 1434465048 1219705784
                                       2080106626 804042883 119088105
                                       3537804624 2252792478 4197757634
                                       759248332 1593083944 2802292117
                                       433255678 491621071 3852309076
                                       3802075680 3280567965 130884826 60147694
                                       2656941715 1051418998 1911065927
                                       346196103 502316066 4086879076
                                       1558347145 1862496614 2349367220
                                       3518387981 3053282590 1438657283
                                       2913895213 792566215 3636049192
                                       3793609222 991296342 3033569215
                                       3950293529 1271719222 1236651230
                                       194861443 3074856831 2915511333
                                       2043088798 2476419399 900798371
                                       2580170694 3580520319 190154303
                                       1627882950 874021665 3420700564
                                       2570849922 1728584724 1530762996
                                       3865964219 1986346560 1238579229
                                       3725952425 978932408 3414890064
                                       2317270743 2301423677 2499606146
                                       3533535028 916259353 3110439643
                                       4165136704 2211150340 2668736497
                                       3111043492 54431607 2703514689 234432449
                                       3250540498 1720770966 3235975375
                                       396151556 2123680744 3341686663 68920575
                                       1365499444 3483115150 600261971
                                       4158075429 2221905665 346431413
                                       3750255360 3996402000 2279083432
                                       3866270099 1400483827 1607162611
                                       2511369990 1398880304 323598334
                                       1443872630 1935548991 3143788388
                                       1892572408 3989327073 2085924232
                                       3243648109 621343069 2463877593
                                       2023733320 3956439634 4259165511
                                       3838914714 2725301607 1941916147
                                       1885007343 4219424696 1687856841
                                       437528302 4094256787 1526092645
                                       972905029 936039280 2604254440
                                       3767700464 1885882620 1831472905
                                       1116986301 1773874395 2240965913
                                       290947781 2555364907 1107927358
                                       1510671516 2286029803 1613676576
                                       1452301186 1411433548 3445101791
                                       3957025593 1290679740 2522578602
                                       1862107690 3576531849 3469519427
                                       2428857936 424009794 2241152979
                                       2336029514 2204760320 1177582527
                                       3901872110 3293722223 3071468591
                                       918305040 1907818420 3803204224
                                       2536897274 841829597 2829464533
                                       2192288519 1259555877 1459516243
                                       4098544622 649833820 3010919365
                                       3425872317 2322148710 880111072
                                       1691649120 623696099 3475772486
                                       3499321756 1099169556 2552043980
                                       2711355438 3647168888 2246691013
                                       479226500 3176295194 1740667376
                                       123125902 3784884756 3667334597
                                       3144736302 2957453166 2909896359
                                       309147008 1054133348 1652166022
                                       2026244517 3642801539 3667055482
                                       648006131 3152536239 4039164606
                                       271244109 2093150541 4068978464
                                       2105495586 1264181519 3175613561
                                       1155034375 164964861 663936561
                                       2503681093 2263643102 1433280147
                                       1382533195 2217877369 3056939693
                                       3988166959 2264864057 4277106180
                                       3944746425 912973109 679099811 421627238
                                       495521884 26698002 51608202 1459764732
                                       3088364724 2956465655 3665389922
                                       792179745 3026161096 1009986283
                                       1837451915 1443539277 571081620
                                       1410460696 3582352652 3513007001
                                       3478927519 800971907 2838058904
                                       3322794139 466973354 2012700460
                                       1877342820 2186938180 2993731384
                                       3898823627 1200198861 640775476
                                       3012983443 1358126107 3791047511
                                       2373073506 356791512 162839598 694719396
                                       1496752910 1527945901 522525999
                                       2300324399 3914765853 2269481614
                                       3024659763 1722974530 2000612872
                                       1491459443 1534960082 1640368062
                                       1629978167 1293875828 1107815455
                                       1836168837 2908224881 3971962339
                                       1425135456 3499448218 679009646
                                       2213805718 308248181 1893915445
                                       337610718 3484225398 2214430146
                                       3048412889 951293978 3696598205
                                       3466154421 3424771713 1289947091
                                       1971735510 3609325986 2315723057
                                       538624260 284818100 3475631632
                                       4114957184 1681476651 2117855748
                                       2562576119 907076793 2230633615
                                       1907442127 1833536493 2221588915
                                       106464768 1736420210 1352446281
                                       1552861331 2361994387 3575658885
                                       4174098844 59151939 2625220134 872988166
                                       1629673665 3424221013 3936156061
                                       1191220327 377284422 1511619055
                                       3096410702 3655865484 1872308388
                                       3022419964 753109806 3926262251
                                       3549106710 105347357 431931102
                                       3646781368 1953285002 3621206856
                                       3409812665 7729195 2465867677 922393739
                                       548522435 2634922845 1732697548
                                       2299793486 1852318591 4101407464
                                       3726887710 10141874 3857905214 349077253
                                       655976149 2969980034 586243415
                                       4171109353 2080072976 3329561424
                                       191907793 2273113135 3289933546
                                       2966255398 4040560574 1676555967
                                       1601856585 3271871521 2090003808
                                       3775321017 173156581 116540717
                                       2660040099 2096431549 922376822
                                       321789600 1265152797 2633510161
                                       1669406978 1718877794 4258376066
                                       691554633 1070751698)))