#S(RANDOM-STATE :STATE #.(MAKE-ARRAY 627 :ELEMENT-TYPE '(UNSIGNED-BYTE 32)
                                     :INITIAL-CONTENTS
                                     '(0 2567483615 624 2147483648 2597006947
                                       2647578465 347052751 1548459212
                                       4164071587 3244697360 161733617
                                       3791206401 279766663 4070542788
                                       590416841 4044949750 3043445373
                                       1080205074 1380204939 1803761052
                                       1979827657 1039195607 1912645929
                                       2935078315 3697646155 377089156
                                       3547018655 1584727642 3888566169
                                       1744361938 1627518518 3369907871
                                       527000104 1605182640 3694993028
                                       2017406546 609198818 1795343856
                                       672236503 174127065 3671754547
                                       3705918401 1830126312 832988390
                                       4150566796 4291233100 1940882551
                                       2448988563 3495009464 3089847496
                                       3097351962 2659402330 1587175399
                                       2708247314 426746613 960613856
                                       3446604265 3975261580 1509650794
                                       746829357 3134113158 3995177445 35928287
                                       622935838 2081931347 758725530 953583156
                                       3304753981 440275055 3176910284
                                       689966709 3061806726 1884514515
                                       2803517940 732988834 3660558059
                                       2286817976 184871568 49615200 1741043319
                                       2464296969 1645651643 2151436132
                                       101432409 951629531 43964420 1726896016
                                       101269509 203801178 2585829694
                                       3502994131 2219898616 2455416845
                                       3428530151 3417160620 63281119 680045269
                                       3360486189 2156524975 3050178340
                                       1293239238 3821998649 211530334
                                       223384980 407636473 3771631820
                                       2852590872 1911473329 3051841019
                                       1142733701 1036558715 934427105
                                       1712068076 2321844133 38593114
                                       3848321662 1867173596 2963361217
                                       641466321 3658480144 3571958106
                                       1822347962 3269456139 1357184121
                                       3813257891 2730142882 3315878412
                                       2821587008 410572266 3005430385
                                       3099170551 2800875624 53572818
                                       3308450049 855947729 690560580
                                       2559922134 756637747 781764212
                                       1692668276 976083422 2837001348
                                       2699069484 2246900269 663991013
                                       1153508205 2446256074 311699725
                                       558580904 184173216 1061720819
                                       4103497838 1665921308 688325252
                                       468004963 441110516 1610799097
                                       3432933126 1287978687 837366818
                                       1055707754 559137428 2076451337
                                       3233549596 1495894477 2315306143
                                       2518937954 1682363687 2095833103
                                       3759372835 2846070626 594198749
                                       3970608820 4175084960 541236060
                                       3537323571 3048988703 3039441539
                                       207827704 335537678 3289847616 917958157
                                       4231020003 1053240734 3947962485
                                       3013134811 1883292364 1498142927
                                       2356730350 2448109403 2408980256
                                       358067847 4110857320 84620728 3323666374
                                       3572170063 1673546117 3872928148
                                       4029795234 2815284610 591196958
                                       2017421647 1313315586 2660751208
                                       700662898 3563009164 1463893149
                                       1455075969 3390958461 1860207610
                                       2829264361 2081837970 3118043833
                                       297161707 4142159457 2489631458
                                       3053635179 2371948966 4251507188
                                       3791931426 3624902482 2715521317
                                       2255720348 1239946035 3408345306
                                       2529807865 221977518 77208399 3308040397
                                       2068645051 2314484935 1881776885
                                       1387952304 34953558 864698629 2706815544
                                       1725889599 3166870238 655425362
                                       3569148446 983907794 363089318 215289612
                                       2983055654 1697026568 1172439739
                                       4132660573 3346597191 1091903845
                                       348716993 3050987820 1018412885
                                       2851766352 3510909621 1057803587
                                       1727791592 3379825625 2911865574
                                       2450809323 2553325589 1221753461
                                       2056717677 986408617 3795812929
                                       2045650005 550026150 3581125973
                                       2365807968 2794790134 29631204
                                       1725351492 832083116 3418728602
                                       878907519 2977691747 3176247866
                                       3806486183 3332164186 514478129
                                       2607973199 1301256464 3975604955
                                       2237267756 2717504201 1828829462
                                       2214256891 3885081801 4118264387
                                       2229973921 3804962599 3738012210
                                       1773053621 2318010380 11691677
                                       1286047056 805459589 3561925911
                                       635377351 3286940061 113374048
                                       3204942761 2957328001 198743519
                                       2987757763 2636941380 2073615958
                                       4203253237 722592910 1541786678
                                       4007682416 580949167 682870434 939822562
                                       4249589952 636094118 1438340538
                                       2855173517 1751356842 1069235926
                                       1122512872 2643347637 1126040594
                                       2754228441 325095931 2309791181
                                       3951599716 123975862 3465033481
                                       1648248813 2835942546 667411966
                                       1603471753 3541132461 423012008
                                       263003830 949317939 619341089 2885157357
                                       2231574340 1631355799 737437357
                                       874817981 1964854269 3442048081 95171365
                                       1506329667 2824044454 3926337537
                                       1699241369 192164857 3420816189
                                       3685289539 2439542766 2148225506
                                       2568411642 298244438 568096974
                                       1479926446 1485016293 3491193335
                                       3746008093 2646655850 145040579
                                       651982454 25664364 3469366333 2206825654
                                       1274041503 3927628277 1052659664
                                       1642526316 831756993 353987570
                                       3212442088 2004073838 3050395485
                                       3782537041 4280649839 2016778628
                                       12369026 3624850444 103841217 2423738793
                                       3566553017 220501653 1020179373
                                       2522330922 2030878260 1328309091
                                       578170204 3885823140 719202665
                                       4113955313 2445172439 804749254
                                       4165550327 3681119662 1346086438
                                       3476876280 2101833567 1725705059
                                       549822042 658772529 1525205374
                                       2919330435 2106505274 798012908
                                       621406859 807079086 1012211610 932318954
                                       2163582075 765318589 525715322
                                       3315789755 391153243 248330589
                                       1279438651 198976143 3833666363
                                       175564754 58518836 2861986219 2234354589
                                       337442007 1478201991 3623674444
                                       3515924244 2324181642 2122981604
                                       3532697296 2252175020 4030645708
                                       1320980604 737501410 125120384 224658204
                                       3445387187 698315696 3217955525
                                       3521551789 668283789 1442358404
                                       3910226565 948324883 920382715 966775649
                                       1137877297 4075738626 1165036204
                                       3943629197 3389840997 3435460210
                                       499795513 572876869 1140736925 742104127
                                       1027431584 2907430666 2167799729
                                       1672129089 78320042 2909227729 487176376
                                       2596646428 35512268 2319897885
                                       3738068309 473460091 1611990279
                                       2078906762 3223261296 767865526
                                       2112221367 2903049697 790174577
                                       1982123217 4200140679 2939545978
                                       2900705233 1666460121 122688394
                                       4257393043 4193189507 2559405987
                                       1757036874 2546999591 704340012
                                       3796033302 2169138583 425325248
                                       3580238909 3392956775 1790371937
                                       1894915205 1021743564 3133069927
                                       2166153496 39970186 724222080 4030158564
                                       2367865876 2093032491 1205106454
                                       3863388794 203446665 2774258740
                                       4051159996 540833573 212843999 933840998
                                       4044280532 618689884 2654392365
                                       3834979551 37380220 3405896530 251263235
                                       1210088087 4152523899 1167983729
                                       3161109101 2831382483 2978665087
                                       2699752992 2929234122 1256701876
                                       1664755636 243782625 775285691
                                       3812952418 1651497906 3250670956
                                       3482192806 2367632140 250629772
                                       1741198467 1199051642 3002977787
                                       1512026060 2391600885 3021417749
                                       1436311320 3734972351 2581822909
                                       2906022863 2367273929 3007820068
                                       1930663340 3479567126 1928004934
                                       2144735723 1569027613 1780127583
                                       3298766942 1969703244 3504713209
                                       4121629610 2537420779 2083806885
                                       704767938 2963061356 2994039497
                                       3026687294 810480786 2360914186
                                       2283526204 3923355540 1984486456
                                       3815044760 377646468 1060894831
                                       568672679 1649389528 3527709263
                                       2922583818 4182618444 2455496060
                                       2181022592 911962342 793873308
                                       1681430903 1206267974 2606022598
                                       1973337636 3902761984 3021177515
                                       1590569864 3653076908 3810199241
                                       2953177463 3195519435 3156298562
                                       314903081 1993449463 1763444415
                                       3690273898 2200218433 49215944
                                       3334341014 3140474765 38069216
                                       3861085091 216649065 702213733
                                       3214138624 458796499 3433577367
                                       1809543060 2663903690 3324642134
                                       2054149326 1693011106 4210288261
                                       1276398975 3154419347 1076926965
                                       1333009752 1638087123 3185659978
                                       2259165884 4076958010 1959162201
                                       2089349089 3580368256 258382003
                                       1234125142)))