#S(RANDOM-STATE :STATE #.(MAKE-ARRAY 627 :ELEMENT-TYPE '(UNSIGNED-BYTE 32)
                                     :INITIAL-CONTENTS
                                     '(0 2567483615 624 2147483648 521575174
                                       3879886388 814917321 3094506800
                                       129541398 1488936725 932057813 84413842
                                       1742171530 143485833 1245591923
                                       908243472 4198221068 1950848189
                                       1848695104 31114160 1852197808
                                       2994836160 1731129229 1422055572
                                       2013475474 3462682327 279779093
                                       3316580443 1582542235 2534234711
                                       761793159 932603676 1453998155
                                       3304900445 2902358246 1751141932
                                       2032336261 3347381435 3423244222
                                       509440401 4095118278 1814238586
                                       3484080153 466589295 2836773738
                                       488313897 1818801848 2358937438
                                       2624621254 3103214351 577921725
                                       3204000869 65706794 3599119654
                                       1011804941 1215875507 2817388153
                                       4198369206 2471811891 483003240
                                       2460507879 1310503151 1113851617
                                       3685929731 1725381368 1023842915
                                       4073810063 2804938200 3775447420
                                       1656373518 4009482829 2529778338
                                       4103782783 57924022 1821643718 42050229
                                       3583490 3952044618 977398995 3356731748
                                       3427473407 3644117114 2466058649
                                       553023153 3742040672 3516532340
                                       2198150189 274858142 1305119931
                                       652698683 3874846007 1184892389
                                       3887213051 2253757642 4122505950
                                       3316206691 3686282201 1178832612
                                       248187522 1316096058 4108904524
                                       975649349 1282053674 3435688250
                                       3711698458 1408422065 3042466186
                                       2256194521 1666426300 1630871747
                                       2090915386 258492201 1280798434
                                       1481980777 3474624828 1133046178
                                       2371597379 1409510191 2243558084
                                       2544795920 2058098346 1718785316
                                       1700614200 370761388 1154679608
                                       3568784014 3110890125 67118897
                                       4000377262 261536455 2333503904
                                       1395550196 2664358347 2311178833
                                       2422876424 863355648 1790935801
                                       299098937 210627401 489764880 1472658241
                                       732160288 1654862002 1071770877
                                       3355930910 2209511578 2614360359
                                       2553533521 2161016364 159419463
                                       884894511 3779356733 180321794
                                       1492200331 3831332633 832261696
                                       697290850 1963715318 3588228902
                                       103415513 3096247357 1296604928
                                       1730250455 2032851040 3103585524
                                       2555624972 763826197 3175236148
                                       3552442035 4101435960 501059387
                                       1482295085 1765006703 213144863
                                       1991227707 501051501 3230013904
                                       2808587646 672538243 2679194961
                                       2351949436 1065457970 1589589819
                                       1850796720 1404833729 167313629
                                       2690527507 925628584 3121793379
                                       4029832346 3856678005 1689054802
                                       1481458630 2639647045 1060942332
                                       204915607 2998467054 1690489928
                                       1383314809 4169356439 3240814379
                                       2345290921 775088435 2264969454 65067915
                                       2209536376 300282975 1029802175
                                       2964116358 2564833329 296981140
                                       2255253927 1345564839 3604172032
                                       308046073 1354584156 2196073327
                                       2300912194 246575409 3520711728
                                       1577684172 1487320795 3244612161
                                       739497716 3981430242 1658657751
                                       3402578897 2397275636 4213558545
                                       1739800671 3520112823 1310519155
                                       1276523537 2789186454 1128212482
                                       4135446057 579072840 2491396514
                                       4278710389 1601480971 87864011 398734015
                                       4190729935 296721602 2061294061
                                       859538120 2531732453 2723069454
                                       178703335 726965004 3709602794
                                       2645770894 2864848279 243372777
                                       1573553647 220078498 915388089
                                       3863795932 3273922272 4030473204
                                       599248093 1563449131 3003683060
                                       3097105064 2240353938 1560063566
                                       773382989 1754382362 2346538861
                                       2846709693 2857142412 1749001277
                                       521936573 2666256951 3745093144
                                       1821621938 1257256803 4052566575
                                       3559155787 4046179599 4077665191
                                       2785995820 3535110979 2662399669
                                       1499649268 2075106145 120069198
                                       728898517 3719253942 2444591481
                                       586860899 2248674273 1739948124
                                       2446693647 637035906 293550399 424956066
                                       1473952435 3165916805 2813839407
                                       2567329693 2875222848 1238084935
                                       2232701179 1725938590 970850195
                                       2206214349 2126993692 695936776
                                       826505331 448676868 3635998346
                                       2244300309 2928993633 3910567341
                                       3171830844 151883323 4252893862
                                       374619286 3113192160 4059500082
                                       2864158349 1739306120 1521235252
                                       2042641557 4035017874 97067172 859665143
                                       1269246812 3105812688 3419181795
                                       2942771579 3829597671 1040674017
                                       3814811669 4094509933 1467663185
                                       4039015736 678776413 1063435200
                                       1399162365 2938939753 2805548916
                                       2973764969 1800640882 613395302
                                       2079992927 2833916780 2720783546
                                       2177529328 910519097 411882955
                                       1266859969 2898206305 4106390668
                                       631359507 4145182670 3400432435
                                       877742823 2617795885 3734735707
                                       1052732651 2974971804 1525119211
                                       1641311033 3734901647 3373797567
                                       1209419138 1954175821 2336892819
                                       1338089284 1584114638 2371502107
                                       3263408513 720574310 1246130451
                                       498676167 1844625841 4258263439
                                       3012416271 4148217595 2216842105
                                       324017562 3293562935 129130861 610630051
                                       1779175805 1366101749 3830788236
                                       932222480 1074232910 1726905565
                                       2667871935 2468465141 2296557964
                                       1787665277 2393968311 4104930517
                                       1240945219 3465260548 2492361016
                                       4215949536 2405456494 2532333386
                                       4156344605 220031665 130042788
                                       2499674156 1669815422 3106881535
                                       1798555766 3306858720 3706730176
                                       1956690861 2624240143 803676381
                                       3715682569 1826074099 18892601
                                       2192076297 3649439759 814236371
                                       1518257429 4102023137 2153381939
                                       3325190281 2720192569 3835389871
                                       2952450253 2919551720 3489441636
                                       4041962827 3190488417 3643682059
                                       835522742 1473436316 1763722379
                                       4077042342 1227377649 562351293
                                       3663777409 1148789153 2526832175
                                       2914240601 365870178 2191223487
                                       2089437096 996464456 3604130803
                                       3216163551 2536389057 660951998
                                       1177192981 3258142644 4209078131
                                       742687861 3604217255 3332012875
                                       3977417963 3421585588 1696084790
                                       3982998074 1174217975 3674480731
                                       1785277588 4255247783 2824510587
                                       1841802219 2002817313 4213206618
                                       2280961239 656309142 3622499554
                                       612627678 2434797770 642748770 614336021
                                       1185663 4080433910 4254652985 1078585913
                                       2332094723 999548109 1044059495
                                       3738773759 3736355011 4025651998
                                       120488185 3734939269 1924781262
                                       810384364 2893126360 1530039829
                                       977420188 953661739 2777712105 444429272
                                       1770547939 1158054861 2876908566
                                       3433643533 3410912209 3869410518
                                       2716790388 2707571367 3463453553
                                       520495362 2121606627 3831686694
                                       2070576838 3800515652 2172780251
                                       3361036208 3911030122 3785630559
                                       704059928 397654722 4123198035 151545493
                                       3420679513 16289178 3536346097
                                       3161733540 3674216453 4161108103
                                       1754156698 2459479970 4100679394
                                       3372802436 1553705443 4019143123
                                       2446027731 3867370315 49424751
                                       3530020896 167990565 62771238 3467099069
                                       3584329459 290162719 2268448055
                                       2433668104 275575450 1218502248
                                       237261100 2956832483 508423400 410405566
                                       2228891258 444309623 1088176029
                                       650762136 3350260634 4291259459
                                       3272725895 2318516622 3216308811
                                       2033648244 2756433092 2936254596
                                       792610765 2990051722 1348828384
                                       3565328393 2204574930 1254050374
                                       3821642838 2044166787 4180220195
                                       644905531 3501346547 4070816464
                                       388385296 1015230794 681196858
                                       2464839671 1135349697 3942068419
                                       974565835 4035071325 1498093074
                                       1883308053 2362758958 255275482
                                       3177847445 3710420047 833418398
                                       647237703 1408359248 3447289993
                                       717715218 1619230328 1099796128 78325198
                                       634627832 2167247970 1077761164
                                       108583947 3851382428 1690877732
                                       138521041 448709917 2132376283
                                       1125920896 1250063477 3243567992
                                       1036044235 1518929402 3793820558
                                       3226406870 3560757070 1409690843
                                       511468534 2250993823 1976165183
                                       629119750 3805477122 2561353901
                                       2446607245 658194262 2286748390
                                       405066040 899946915 144458894 968271361
                                       1053009502 33016434)))