#S(RANDOM-STATE :STATE #.(MAKE-ARRAY 627 :ELEMENT-TYPE '(UNSIGNED-BYTE 32)
                                     :INITIAL-CONTENTS
                                     '(0 2567483615 624 2147483648 2939816005
                                       2825542236 1588232769 3855260896
                                       1663304452 769250399 1523590574
                                       2137190231 2092237975 177807733
                                       3705436677 1219266418 1863292797
                                       3384332661 3086956987 77622583
                                       3749630602 842136449 2411587089
                                       1873922206 1257020993 1256294796
                                       1292292937 1979673103 2583219406
                                       1126085131 1787955826 1997673435
                                       2664422489 2388025341 4288683162
                                       4209850453 262281076 3413118064
                                       1810006347 1334683814 2261090477
                                       3480301197 3672135837 3251949434
                                       4219895196 3347681537 3821380196
                                       112667434 2413595337 4065172751
                                       2409881489 721443419 4235767061
                                       2417206279 2192899476 3764612605
                                       3293313666 1655772363 761278529
                                       2693040526 1225697160 2625198308
                                       1846931682 3229315995 839355127
                                       3046889024 3849241722 1791460010
                                       3394075019 8974877 3152551431 3131417148
                                       922205546 3472776088 2909497425
                                       1531514560 197314131 3686861680
                                       3522974816 2150709725 182046639
                                       2245531376 2452505838 3630563836
                                       3397785879 3851212638 1267885910
                                       2416805850 326073308 3853082466
                                       713019417 1554209758 4185899850
                                       3725424787 951561149 3353950983
                                       403221873 4195052313 1237992666
                                       3835338679 3088314235 4075237798
                                       710485235 2713202024 3205324993
                                       3673809803 2081706846 1008857277
                                       1096119762 3128371307 3901593214
                                       1498146602 3527456279 3777787774
                                       2993218466 4025688799 2908540790
                                       4096298837 3512392260 2478548969
                                       1448750273 3776208087 2184061427
                                       1389482273 2560423644 2440430799
                                       512592058 2976288695 102850752
                                       4179946526 280591821 126581401
                                       1210337550 1157169274 3814932917
                                       1016547722 3281586121 1957313714
                                       74031930 1359797458 2302982831
                                       1417416473 677678934 72625605 2755417246
                                       3282446203 2112115718 1176005899
                                       1392933249 3444457468 796902382
                                       1022764755 1270280376 380044486
                                       1579658635 1066895044 239666529
                                       3785325340 576107789 1430455095
                                       597334502 974482064 1864314806
                                       1143195457 2303658025 2206663422
                                       3189706562 1815318298 1394534664
                                       3819590162 3709179976 3303755993
                                       3116756689 3477001485 2537430873
                                       2324393099 3828404794 837841859
                                       2574761956 2678909446 305187367
                                       1530537793 2608772433 3923538131
                                       1867965559 2051061803 3520558392
                                       2727226840 889475301 1896492938 93989525
                                       2060234961 3137413153 3206170686
                                       3795060187 3104115362 400605854
                                       998697770 82041457 2164349409 170077798
                                       3528919582 3521006368 1298164134
                                       3791907332 1870031703 1521674743
                                       4243337834 787613424 3439070290
                                       1886070410 202104490 436804240
                                       1193239862 3972532178 151087491
                                       876967720 3619650813 1664761081
                                       1232198050 2116475892 474283128
                                       996007299 2138126383 2926336301
                                       3591323795 1955899023 2661308435
                                       3054561735 3344673354 3921393872
                                       3479959719 300725820 2849053936
                                       2891179525 3180333309 1781133861
                                       3676333563 2713324121 3103475333
                                       777291376 3112399099 1463439448
                                       393114831 261241658 520602418 967627751
                                       4029318618 2520490924 3497267663
                                       2904979388 2495152085 4188763480
                                       3040828514 3578991141 1816542607
                                       2519146809 1782381998 2496166865
                                       801528077 3409634408 1206762991
                                       1464879491 3349533310 593145431
                                       286266800 501448118 4282415958
                                       3554990474 1827431011 3942819952
                                       1796166212 765746348 2490815839
                                       2851226612 1848788290 1649425564
                                       212114049 3528442451 188125133
                                       1952066644 4034934460 2136534257
                                       2456387836 698574953 2741625576
                                       3044858479 2762896685 3595021993
                                       102287176 3213944504 606054562
                                       3782826308 701817529 186879087 832188324
                                       4124082747 1537137803 2160151291
                                       1835020483 2426210202 934239786
                                       1417187653 1297486891 2459279613
                                       1388581141 1098843718 4214044679
                                       4283964404 1758197435 2170506935
                                       219541873 3097060710 4211577184
                                       3680726275 659021110 2824074211
                                       652262303 1512017552 3144327741
                                       1262889797 3007532947 2034123673
                                       1824313991 3312445696 1974209102
                                       4154665139 1503044965 2516415007
                                       4094443544 422037178 971943144
                                       3977453322 1420555765 190228789
                                       3639174359 1471886646 2779867318
                                       3195823875 4032287680 802629312
                                       1793544714 2797142518 3113152739
                                       2120676768 850711846 1994073638
                                       2305720970 3008584018 3684732342
                                       2074292441 3378573389 1991872842
                                       1275481700 3216241933 2252397598
                                       1143677074 1899363694 3259856487
                                       3925135502 4029373867 2102805857
                                       2659445868 2301628402 536886786
                                       1289263063 4117903881 2857437725
                                       4108558203 1879304839 3844216929
                                       2039779920 1238604583 428746188
                                       3185562983 3775911244 3326393369
                                       2380658361 2977470256 1751162326
                                       1662892221 2788344018 2900874483
                                       932274327 4034679661 4232686053
                                       1097142731 1822030772 1130296176
                                       4094644044 3304477507 543004455
                                       2366945542 1327209296 3160852215
                                       3272193623 1032031131 3313225182
                                       1010179327 1626891840 3747322919
                                       3929596092 1621764530 1255404610
                                       1503958796 2306470048 3384654314
                                       4143563359 3575425509 3749764898
                                       1135306443 2115089815 3651395247
                                       1027047587 1431793991 997751507
                                       2090186201 3075823612 1039480083
                                       1440744498 841474486 3611200078
                                       2365513856 4043623815 1516918056
                                       343735011 2906129296 529625905
                                       1842733155 2705288231 4273972628
                                       861505493 3870592950 123943815
                                       2760195359 2193776256 4133895547
                                       673117658 172728243 403112022 4193922000
                                       3138499212 4107546721 3366229303
                                       2106837555 1824765099 3470717812
                                       3061166798 2164439063 2279548044
                                       3266456562 2940014211 2649511583
                                       1656153047 1397531506 3604811994
                                       2667883742 1341049553 2229322735
                                       2580369882 548560453 564982557
                                       2475992006 3557509116 1642683617
                                       335665211 3709209532 4018775485
                                       1365779663 355134776 2674808574
                                       229402338 582293590 1690442019
                                       4092085501 4223925079 177905917
                                       2790938865 1661986211 72007379
                                       2062431099 2226735871 120820637
                                       2445935227 3685982851 3848440491
                                       3404330320 3014481281 2458787402
                                       2330007453 3349739843 3059479855
                                       4251673540 816055320 689977222
                                       1008611341 69860925 2309506839 100840838
                                       331100863 3748934441 2858424930
                                       3214154111 2550829848 1574546740
                                       2536241865 522672791 1818142313
                                       4003612914 3576953367 1288512375
                                       1533547279 1770744105 1913787006
                                       3060315958 843551735 743426817
                                       1146586087 539514140 2074706362
                                       1266475731 830075118 1657107936
                                       2207572144 1410391792 2177925518
                                       1599918968 805894997 3287331097
                                       512930545 3489741707 1707499377
                                       2709979443 1453284649 880670314
                                       2139810321 3913104989 1350688010
                                       2805207929 3159277899 1274535471
                                       2541638024 3649961868 3027867485
                                       591128888 67954211 972456023 150496080
                                       2530676014 2620919396 683250704
                                       4076880388 3332225210 2618740626
                                       2550629964 2089360760 638719897
                                       1872996641 1123545190 318646427
                                       897203182 1860730590 1738213957
                                       4273753019 454291878 2461976619
                                       727501912 2201637421 2968693440
                                       1582933262 224311628 4029044384
                                       3039349982 3492395577 2357680456
                                       2548749487 2807327942 1881602065
                                       987622235 930850509 939024663 764538391
                                       948380266 3371118097 3607206059
                                       778785739 357400654 3946802697
                                       4249596501 1954887871 3334249027
                                       3167758333 2570894132 1151793075
                                       3542088318 2285127282 1598947437
                                       3165139514 1558541266 2673298027
                                       4165132447 3818822376 3145462694
                                       3725312211 402437127 2090327108
                                       262794384 720851335 2378185604 287118437
                                       3161393815 1464022523 3023239169
                                       3527977917 3556350132 1865610679
                                       3351369603 2968788172 4102176919
                                       2669651517 408059345 3309589667
                                       3324386574 2238997797 3763331306
                                       557043944 2359896840)))