#S(RANDOM-STATE :STATE #.(MAKE-ARRAY 627 :ELEMENT-TYPE '(UNSIGNED-BYTE 32)
                                     :INITIAL-CONTENTS
                                     '(0 2567483615 624 2147483648 3819329200
                                       2982202005 1971415543 825017097
                                       4194982940 128048489 2189118243
                                       3719523523 2356165703 652592012
                                       3648138946 2210441948 3373148772
                                       2265869313 2838744868 2534697479
                                       514195755 1713672049 1108729945
                                       2770031722 2595201041 1338401549
                                       2748510062 239690773 4076845038
                                       3825474521 3404136374 3653327613
                                       2290193277 2673403059 3970115640
                                       2788018636 1303826333 4259968309
                                       2224486627 3288855165 1674368659
                                       668023632 1039908336 3656049219
                                       1178382381 1446932941 1679447919
                                       1019706727 55663692 78756769 1339862069
                                       2030391820 4699417 3455678540 445512168
                                       4226420750 4247368407 1436183934
                                       2644171277 1754870423 2894284520
                                       1881332422 2743196049 1703466288
                                       3626556533 423130883 2230350265
                                       2613548271 1442058358 2880508450
                                       884128199 2816963196 2757378706
                                       746609897 3366537269 2918455692
                                       2097018284 4076240178 1984657650
                                       3513557879 3162259952 128903124
                                       743692487 2718045596 1848987372
                                       4219650334 3557194687 1395376757
                                       501977614 2528859511 531848386
                                       4075334595 2732591220 2428326366
                                       639954457 1749310670 875784952
                                       1409200987 3896879680 2015754667
                                       2147285597 3007763717 1391393009
                                       1389996504 253658560 2685237439
                                       264028569 4206108985 2863263984
                                       3558709028 2154843067 17827578
                                       3872356955 3298377328 2650736396
                                       707928373 1107061070 3681395454
                                       3826283034 973185419 411963354
                                       1123167815 1070680479 2141064739
                                       984749670 2408600980 900565929
                                       2277444147 1211976471 1155173799
                                       3174103772 896052332 2456328334
                                       356637301 1359494059 3102333091
                                       1871895784 434453821 3386235998
                                       1966786153 3719804037 4237778354
                                       692575045 3364367553 193314241 29060357
                                       2152609403 525364859 716681083
                                       2210533221 558264641 1333421645
                                       1034478741 4280853933 2116109920
                                       868158316 647827105 3536320384
                                       2873673860 2154693334 900650875
                                       2238365795 1680779368 1195007837
                                       4100027329 4123867563 1851444407
                                       1572703540 3095572438 337698834
                                       269830071 64493778 4153429786 4030370296
                                       3403855258 1592044477 960922828
                                       555862612 2010512574 3592158146
                                       2659040843 158454018 2233886936
                                       2709214520 162075396 4168696980
                                       2912824393 1718605780 570612627
                                       1755702032 621950009 2933898678
                                       1998507095 455634805 3200891225
                                       1318772114 2810660935 90528889
                                       2775270054 982314826 1854839913
                                       1758728727 3007856865 1665362515
                                       2901428683 3964746709 526264020
                                       1768466963 3470573645 2357812824
                                       1480962178 2221307779 3772593009
                                       744974313 1091210965 184720738
                                       3256710435 3813628315 1996468838
                                       1657962527 3551939675 1603721360
                                       1211782287 2596340155 111082099
                                       452623613 1902204808 2079834077
                                       2003583896 222601422 912756535
                                       3505510679 3289403054 363644390
                                       2057351291 3845355048 3528164527
                                       1399692085 1679199066 1763145383
                                       2584683113 304177245 291588490 144373197
                                       3866436638 171764532 1572776606
                                       2688945903 3930009754 1301283885
                                       3476352978 2344714583 2109231622
                                       1828858216 240077469 3999647420
                                       1678812652 721340849 900168981 932282494
                                       1771045420 3882205032 1941312334
                                       1518819855 3076069683 387591476
                                       281038977 4092067223 1735571822
                                       1021561855 3724760977 2969619284
                                       629829340 3657161496 545863511
                                       2376991980 2655012484 4069487785
                                       470478479 3709246268 2316782424
                                       3215296112 3004000708 1143264914
                                       2976825162 1480351551 944526898
                                       3520028139 1941727271 3144314892
                                       1599042606 2822862858 572869997
                                       1358941548 259243731 3128804262
                                       846841308 1502088383 3667028660
                                       4158596869 2137131091 516612010
                                       3759926703 3467128413 3144369591
                                       1323992779 256439550 4007616854
                                       3062698881 763008098 767178799 14615892
                                       1658974216 195437400 2219380103
                                       1006662521 3216416708 4219743294
                                       4249642555 403816848 3638884724
                                       3221215120 2793361085 837285333
                                       1823655569 771007016 3294697343
                                       3198657450 3161945728 4113912037
                                       162775216 3601676139 265856134
                                       3786053539 2852969285 3404172281
                                       3928631981 3652133255 3859376675
                                       4194128242 692123360 2551625494
                                       2794990412 2900836307 1271310318
                                       2532192123 1374539558 794801631
                                       705238988 3213836363 1486521249
                                       2286115721 3125918692 1772346874
                                       3361785020 2538044785 3688933567
                                       743924218 75555921 410532861 3583566888
                                       29671774 1769910139 4048243183
                                       3931445842 752274794 3620893985
                                       1443660885 628210748 1746793447
                                       2332193102 54619335 688372177 1702926738
                                       3065854890 45249800 2026675794 620266903
                                       3919863835 1591688596 4097391126
                                       2799420851 3770835440 3864756354
                                       184448078 1684476298 931434351
                                       2678774799 2374776296 3079478446
                                       1735026911 3688457669 4052055804
                                       4199962485 4079419247 1993561847
                                       425060255 3703665564 3173723668
                                       2222035494 3804562899 109173614
                                       2151441953 802105758 2415785704
                                       1414886530 1507042024 457421313
                                       1991255788 3965742282 2590260550
                                       4172347203 1719099143 2071658559 5668672
                                       1394587834 3979274365 2325524154
                                       67372153 1557341401 875717220 291387401
                                       391283522 3201886968 4175781055
                                       2786860956 807206597 202594283
                                       2819701164 1573218609 2009018744
                                       932889351 2871708331 2504873612
                                       3244427073 2711331341 2342053743
                                       1060380707 1682296673 818827146
                                       2467052879 356310001 652377368
                                       1651668662 3349544792 2965667645
                                       1768756284 793276275 1004806310
                                       302307390 2593884243 1349069823
                                       3717252954 3982691382 3947030934
                                       4028617595 255635909 2203874646
                                       3526898441 3398137033 1018492150
                                       1943733796 2359359766 3903464409
                                       3606202635 4020701790 2292695492
                                       3752707208 3085337145 2291216365
                                       874867122 2207691959 237259814
                                       2557219811 2759409513 909004912
                                       540265815 1265728628 4258555700
                                       2187911863 590563215 1679264905
                                       916410439 2510207682 744548567
                                       2181515084 1610536440 1758875567
                                       2168537253 4275078256 1477649492
                                       3388636153 1849851623 2548227609
                                       4030179033 3829499864 1994712572
                                       3276767169 3692780738 3585561327
                                       264955656 2076314898 147965217
                                       3821804934 2741937452 645495728
                                       2869884805 1167363160 3177979849
                                       1071719198 3725415078 2649117226
                                       1201222934 2790424752 3941040094
                                       3867425513 445514577 3347497185
                                       1550012419 3502542862 1905282683
                                       3198111968 325402681 501847559
                                       3294015455 2048866719 2604564580
                                       4271522261 2965465869 3193759408
                                       1195668996 1747822700 761590557
                                       1932874576 1357448215 3558886386
                                       1116170347 3227667376 2216500991
                                       1290093674 242658479 2638260654
                                       2635429963 1437612800 2975921515
                                       3515889008 4211973438 838288002
                                       1327116370 2995813060 2500309444
                                       3340518002 1705699330 4234077622
                                       489960006 2156954369 839194218
                                       3249671640 1067248715 3692573843
                                       3006160875 2624390013 280892498
                                       2010881336 3101416838 3105642395
                                       1498616500 3228709465 3214091667
                                       2169752545 2529996466 1462974357
                                       1650763173 536572626 2663597088
                                       2549199997 12755999 2459369795 496048962
                                       3472719441 142994244 2858267291
                                       4080811749 1184229644 4067780542
                                       3552632868 779098014 1466888701
                                       2526082907 2908387256 2100089011
                                       3839902962 2163334142 790462423
                                       2197071095 311418564 3627159660
                                       2291360528 2347456785 2267646980
                                       3575324027 882805344 2776405257
                                       3665693448 3538193497 2942913559
                                       3093531785 2466433266 3340010871
                                       1987872436 1560042843 1667230415
                                       4294527249 3765278991 323967045
                                       4232203414 1676859205 2123826676
                                       568968417 866149332 4105207339
                                       2743818570 1525359888 2649194971
                                       2835236495 1434987910 1878585330)))