#S(RANDOM-STATE :STATE #.(MAKE-ARRAY 627 :ELEMENT-TYPE '(UNSIGNED-BYTE 32)
                                     :INITIAL-CONTENTS
                                     '(0 2567483615 624 2147483648 1007666382
                                       3258154832 2178912090 4232876847
                                       128529984 2672262356 2565326821
                                       1701416453 2291903166 3728948274
                                       388613540 3953106319 1216113929
                                       2884712330 2657112065 1316054478
                                       1365612212 1158916102 169830826
                                       590145829 2753721315 176500384
                                       2383103681 890206269 3870488884
                                       1201201166 3247341221 3214403545
                                       1822235806 3395254380 2387665711
                                       2658609659 3172222127 2818229120
                                       745750745 3618662104 1676357633
                                       129411605 3645258281 3999440264
                                       609297415 3739673628 4101184251
                                       1711486707 3701592896 2995501210
                                       283729958 3033284963 984776034 548453591
                                       1356500669 3955435060 981708431
                                       330585218 2680568168 2863564210
                                       205183942 1878443278 986628650
                                       1958304565 2260230105 636388886
                                       159724853 232569676 546928088 1514994204
                                       3895918883 2419525966 1759130089
                                       648597057 1504262880 77088570 1721938169
                                       3621007132 303364778 2502055536
                                       297453550 590927975 389476852 23382993
                                       3369940635 1157180597 4210347731
                                       3731834577 2948359552 2180230044
                                       3068231302 2176543367 2057780579
                                       1201867963 3481637912 13948721 169437186
                                       1091801422 1961717344 4266918088
                                       1406156626 231700025 1859825491
                                       4220612824 3760845076 3504150467
                                       2773460974 2824398203 2522958209
                                       2082633835 198803689 2839796506
                                       3487719412 219536821 4146190099
                                       3553126861 1901388503 2281479927
                                       610305046 1014453034 1032758463
                                       1906542968 1530619172 2073517721
                                       2337810604 1722349039 1171699323
                                       208822876 3267003467 2689748947
                                       3678176036 541617205 1901652697
                                       1410140245 872177562 2588379086
                                       229385601 3526850168 68061557 1843871395
                                       2851972844 2296878501 449153956
                                       2162518421 1529273623 910422669
                                       2833256102 3794007384 3643140066
                                       1104572409 1893257173 1948238307
                                       3922797193 3901904608 327588376
                                       936351658 3120973356 3361176603
                                       212672183 1584701549 3985031474
                                       3078189957 264223177 2438011140
                                       3522400982 3854569076 3500103899
                                       3976076350 4056728146 2470246719
                                       157691923 4277393416 2434235230
                                       2747839507 485533041 1027013206
                                       2470980784 2297780118 963455935
                                       2844459555 1129965464 3709026819
                                       1987423864 105252055 2575165665
                                       1107324722 1150210807 2911302769
                                       2909187420 1986383066 2189725744
                                       3012446767 3243844990 3116926417
                                       472448623 447942986 1785981767
                                       2677988784 1380230934 3625218604
                                       265411359 2432322711 2893517729
                                       3632654822 3444942870 1107229136
                                       2960634809 1173465715 2944695434
                                       2320240110 2063865232 3416552798
                                       3855461469 529002985 3158940736
                                       4076504988 883870050 3993476968
                                       3885566911 275492381 1532766647
                                       4163466942 3863910365 2752210960
                                       1566573381 1410714390 2244114623
                                       3521600863 2998439023 850776534
                                       1773599747 1381175409 770796579
                                       3955118849 1594334059 2479411423
                                       890743149 3594377716 3329763395
                                       1211725749 4111448040 1644795456
                                       4177106323 735688663 3305710897
                                       297546605 3109024128 2942092324
                                       1976935409 821986625 2626139215
                                       1648290227 2974598586 402993292
                                       3597153148 2955933706 1441689985
                                       3494960904 1888257727 3486230926
                                       2246972977 3197445254 85933144
                                       3713422538 218732765 1684966519
                                       2363342715 1033546297 4072190007
                                       1658507030 552507312 1209157058
                                       1954610634 1108814060 354423125
                                       892490774 121772339 1893839247
                                       1678317836 1728977203 773710681
                                       845771764 1410482028 3761456344
                                       2941212486 1574635973 3527165177
                                       1345526524 694607236 744952304
                                       2323716503 285240008 3088952182
                                       3067550739 2694340898 3845698447
                                       2852490057 2192781250 441670162 46336963
                                       2952456455 921451032 2300603714
                                       523989458 669714464 1128083472
                                       3116736051 2360288212 1513873555
                                       3128435150 3634686068 3283090502
                                       3042001446 3129972736 3851860942
                                       3644709238 709172548 1775142098
                                       424497716 1699232123 2369651581
                                       2299042420 1324541164 88104004
                                       2975030399 186702236 353856545 12656094
                                       2128029436 232149949 578875671
                                       1193310361 3556646994 1444628900
                                       577189708 242974231 566506464 515877585
                                       1838882015 2485971067 3410649517
                                       2212573134 309863776 2650142816
                                       378498006 606402269 1377278046
                                       3577218580 3394088099 2076403072
                                       776320963 164108620 41238581 2660074275
                                       1427665190 1262401280 3562699050
                                       1604428039 3225928361 1505505920
                                       835566732 3258457456 4081339039
                                       4036546425 3227218289 2289110370
                                       3710748913 373199774 1458801313
                                       917206774 1098583151 1026254426
                                       2296015222 1289546912 2116191776
                                       879657624 2901966672 1422190998
                                       1860875247 774906233 2745893352
                                       1289081321 1409882225 2566668263
                                       3786143807 1154583243 1922365876
                                       4287730146 2852604840 1128319931
                                       487493610 1731053705 225785946
                                       2142079956 601253045 1071106090
                                       282042879 414335322 4191821812 100960603
                                       319822171 1203272827 1477020934
                                       3071854641 774288051 3022086413
                                       468001573 3515391800 807057596
                                       3491065232 210488869 1001493412
                                       766884950 2669665949 777609400
                                       3967252838 1534631352 4246024903
                                       2538959884 2412578903 1161612476
                                       2345647966 3228568432 750986639
                                       3881241811 842261296 794168388
                                       2072628523 3188506607 2181211304
                                       3061240034 1892137646 366106754
                                       2897204090 1710110900 3899287374
                                       469366524 3167877407 763473836
                                       2245131748 2367682521 4273449432
                                       4189387807 3494706980 2611744968
                                       3027666189 1905456656 3619394613
                                       1066848396 3452001197 2781015865
                                       3780122736 958044493 1228607913
                                       3849640689 545477689 1626043842
                                       3700908275 1701044856 803205618
                                       2021891023 235505188 4145780066
                                       3354212481 2325239153 3057746431
                                       1449102230 2123725012 1285077843
                                       3339692115 597439311 866850579
                                       1015874596 172534689 1649569555
                                       2515502849 267615074 1696176374
                                       1904986051 3926260295 1931452180
                                       554732081 839044149 2616866943
                                       2496724442 1271659303 395642157
                                       1672018804 1708992469 3669838598
                                       1194554589 1020268333 1484303632
                                       4252140018 594189101 531900248
                                       3824444977 2500012962 812981996
                                       1431514523 2320686791 1715483555
                                       3376505998 2114675904 1338275174
                                       16604806 598019513 611641212 3522397337
                                       3840072562 989422791 3720239331
                                       2728183222 2195865773 2688697703
                                       1697387648 4020887556 1055786103
                                       92942642 1275426685 1590777374
                                       2782110002 1978748618 2901038729
                                       1002511731 1740794389 2597466645
                                       1251263188 321676748 3399189067
                                       779671074 2302005917 1603906125
                                       3223915425 1625029614 2694398693
                                       2375129697 2018409496 1910037687
                                       3760021408 425528757 2456860261
                                       1755748392 3484031074 2053222097
                                       2862461185 4210148494 1943724815
                                       4006127010 2534001298 353018920
                                       1155996341 1071482040 1583045556
                                       1843250833 1858845798 3712273379
                                       3463058259 4001606257 355345065
                                       1558008991 1939516751 4275453173
                                       3641474351 3889755174 2785062994
                                       2477283472 275733874 3970558848
                                       2601305111 881074398 3297856431
                                       3696629924 3951290255 1650562087
                                       2179847029 1370688934 1680970675
                                       430639815 4156569724 3338905385
                                       2002291282 208440225 2654226997
                                       2118797445 654554307 388057557 17979313
                                       1790368543 3178295455 2361239401
                                       368594652 3019754684 1042949663
                                       3438528588 4179940097 1051634033
                                       1400778118 823913803 503426121
                                       3196117578 1665068998 1092098145
                                       1575123808 3682173158 4278630736
                                       1235255234 1914486534 3679331488
                                       3160943247 2220762355 145673420
                                       3817618779 4078492881 1488263852
                                       3465324548 2609460086 1697178803
                                       3253659364 115667577 1334941895
                                       2716023791 1135278726 4068130933
                                       2059462292 2198059491 635201242)))