#S(RANDOM-STATE :STATE #.(MAKE-ARRAY 627 :ELEMENT-TYPE '(UNSIGNED-BYTE 32)
                                     :INITIAL-CONTENTS
                                     '(0 2567483615 624 2147483648 3924611203
                                       3366311652 949017221 2370149716 43547683
                                       1597141837 3062827559 3693999082
                                       3402383847 2192306560 2909542655
                                       1993106243 3148803881 1108653685
                                       1910023185 2095239461 1325142187
                                       3824228772 533935375 3084202817
                                       1059425331 2269281803 2527246813
                                       3269046646 1004154125 2354271801
                                       3258191732 1229623104 3997686242
                                       781126122 437350716 2569705946
                                       3080299869 1990023252 3894920464
                                       1468219040 278794844 1219759413
                                       1252446933 3635350555 2028094291
                                       3796271962 3042293073 3580993481
                                       16369514 1378189029 3403887766
                                       2390932594 179821797 2277590257
                                       1441463708 2877041645 3125274313
                                       1261321790 4134263210 1145819548
                                       3827876955 483258728 2968268078
                                       1150661363 558093940 3000994248
                                       2675916778 2602601378 1153982522
                                       1765310494 3760724020 874761289
                                       2380265411 3157982871 3523769103
                                       1266635030 2518993093 313454955
                                       3288568743 4140965244 3361635131
                                       3147105114 4259073374 3954641354
                                       1529482993 174010169 179554571
                                       1996016616 2874129784 3470825293
                                       2268274797 20441793 1417745928 572910402
                                       2268008810 4049238381 1281169931
                                       2579549387 3575143678 1519422760
                                       3408705494 248131434 2920311012
                                       3434056852 3053581300 2346585924
                                       187386440 1054055815 2813216170
                                       3953867296 591346606 2117586846
                                       464530684 1578841456 470612464 535473458
                                       2759750321 4008620259 1204723476
                                       1003330211 1822336681 925155848
                                       2355481473 2464113324 2628691257
                                       1180811598 2827409778 1853193157
                                       721694259 1433098274 2792807783
                                       2717034733 1659452113 3676439693
                                       2831221576 3968563507 3647803651
                                       1838134373 4243361239 501877803
                                       2400104866 2106809457 2486162625
                                       4108578432 1768054456 1206840318
                                       2686765804 883344492 3565678098
                                       2950723702 875762430 1844961754
                                       995936599 3575802072 2085183166
                                       1751620671 1786686403 3254334459
                                       165855053 582185456 2412725668
                                       1885544001 1190381604 3637797968
                                       3337202624 2869893931 34350837
                                       3488003590 1622412007 1101765278
                                       1280814629 2462753483 3495230259
                                       4260111648 2787174289 2402941550
                                       3370236887 3346072730 3227388159
                                       123644064 3089734336 3452952779
                                       1950564175 269636558 170169111
                                       3022840555 739950731 2566050099
                                       3483469586 2274488563 121839391
                                       3446998299 3110045256 425788705
                                       2179074853 2381144176 3349661894
                                       3522003911 2739653213 3662544794
                                       197004405 456049458 3996754622
                                       3738706838 382331944 2405885564
                                       2067706305 3546902357 227850188
                                       905354103 2118393086 1642390947
                                       3244131537 2391533365 3849633821
                                       822162627 300467476 582646930 2037139666
                                       4267029927 1190258200 1184188081
                                       236365725 197601419 3199084559 910334451
                                       3688113672 4071856210 3237967266
                                       3459471268 3586997203 1278916301
                                       1498449749 258531263 1558228109
                                       3462010295 554495468 4065598034
                                       2327160301 3698659837 343610589
                                       3218526660 2326365993 1590340673
                                       4262662594 180128082 1803413769
                                       1005770371 1893259113 797191270
                                       3987015357 2991741130 3931265758
                                       1274130371 3095636895 3472274654
                                       2820275978 3897873443 105759992
                                       2874924945 3296798933 2570849750
                                       2874002770 1545980778 1539866446
                                       4243913238 406758553 1591085464
                                       3764473128 1207752452 1566580242
                                       79965573 349515068 2017636571 548910944
                                       2843335462 1987645368 1669537842
                                       1260152906 550685153 3474955155
                                       1493909209 1780659882 4252165499
                                       1132981677 3564990483 3228293253
                                       1847581970 278840184 2022063250
                                       2640663840 3190891696 1619214107
                                       1902999383 971991893 1783207227
                                       1867763250 523294508 3004500081
                                       917139912 2920041 4260866775 1739522510
                                       175147520 3369126564 2757989794
                                       628801808 2165324977 3487756155
                                       3084807919 1574216420 3032209968
                                       450301232 1398377328 2879701128
                                       2727540654 1906622137 1321740273
                                       1029404760 1764751197 4151029359
                                       2722685042 685358226 100349819
                                       3943556359 3637028816 1917914657
                                       348708111 609074263 210924250 2544405914
                                       380302729 3332983910 265457359
                                       1995012184 2950791893 1762004678
                                       1717404765 623528088 2663296077
                                       2918745662 3661871990 2168745786
                                       443773508 3315733238 69875904 1004777708
                                       1589191905 1935630631 1921132947
                                       728633657 1344868798 3390725055
                                       176574734 1490206975 2098327612
                                       1370156892 2894024604 2061600817
                                       774351910 384288727 3267780326
                                       1295525026 2705335043 448562126
                                       1102244124 799637591 3040538498
                                       976608399 1767386824 515997686
                                       1062242024 1111864121 2798775015
                                       3814941547 2529124899 1780858777
                                       823937234 4123193242 646139874
                                       3611932905 1284805553 415455596
                                       3336159975 3183716680 257727687
                                       3880394310 1607788017 3559062903
                                       1241100287 2716016097 2280158231
                                       723197507 3553797541 2529113619
                                       2897141441 3878446642 1054607741
                                       4171034825 4208889174 3891539911
                                       1853196684 1135001979 2413649921
                                       741739757 2076010559 2916575675
                                       832400170 2536341567 4094043771
                                       2027262193 3631448495 2747758255
                                       2342657868 2422755118 3893466255
                                       2625142254 4287738312 618772965
                                       3926029477 935642409 393408398
                                       2220528248 885523662 2146535685
                                       491175849 1316372044 2903296590
                                       4208968353 268605938 3084938639
                                       2740658183 2751300762 3773100415
                                       3926213835 306389213 1292297409
                                       3970489190 1469216917 518072785
                                       1083263196 2629895419 3413260292
                                       983827381 1968314775 3616896246
                                       1160762774 2732182145 522381745
                                       2248340370 3247118643 4262558613
                                       520080764 1924732312 1539307194
                                       2128848514 2315377507 3792271505
                                       254030835 2461119683 343560212
                                       2018514949 968893761 1258111035
                                       1611171273 2521502482 3728533191
                                       1034248050 2602983796 1311740093
                                       1957678244 271374533 2477893957
                                       1841509230 187911639 1760265948 25978146
                                       3366455093 2130682037 1631707460
                                       2647352683 1597839297 1052723184
                                       2856831807 1136145649 105253827
                                       3396365995 2433456028 231764206
                                       3717095297 1105168345 3623602605
                                       1037282706 1974006026 3594971433
                                       2332738700 2621067803 346768978
                                       198336028 2531881789 3525526704
                                       2795101054 3137256537 1249764091
                                       30746609 3598723541 2040366586 474999351
                                       1237504464 2902538986 1093482584
                                       959686611 3524125993 2442983238
                                       960671154 596998339 2865059036
                                       1827684206 2334105406 1108162243
                                       3300550927 1489449278 593324811
                                       567991369 1369584259 3344971526
                                       962710387 1918721828 608205600
                                       2811777512 1887654546 1361899465
                                       2147466744 269909342 2316110819 21740106
                                       4170107026 2426418572 3692171006
                                       933552682 3149874524 1480235208
                                       1929973298 654847135 1691869778
                                       2284418439 2230273869 2528803649
                                       2534605422 2709193160 320920749
                                       3530977372 3359785237 2437123128
                                       2671750879 1334032172 3821942966
                                       332491781 2743926485 791015528
                                       3180354145 37590002 92996339 4039040201
                                       3895501864 2295846748 3003576169
                                       2734334440 3793882251 2662797600
                                       1324426574 2443056645 1338062830
                                       851879406 803815394 1803470092 642216168
                                       287678894 2117242460 2147256208
                                       1873045355 1129583789 3504487695
                                       3343303959 612632485 3748590079
                                       447194858 4235618441 1744632626
                                       2243457248 2170573642 1983253930
                                       4077498954 2239631603 750244498
                                       1684875169 1460938446 3230224364
                                       1982408380 2609819373 3844968344
                                       118435676 357941815 1903186567 144409929
                                       1852870786 2684314813 3383714688
                                       4179129162 2321778932 392982432
                                       1674142769 2431278488 3223498702
                                       2315821184 2029111152 1592994124
                                       4146526977 3941106253 267261406
                                       3836186902 1346042569 595641319
                                       4022005754 1868334888 553192653
                                       3240876084)))