#S(RANDOM-STATE :STATE #.(MAKE-ARRAY 627 :ELEMENT-TYPE '(UNSIGNED-BYTE 32)
                                     :INITIAL-CONTENTS
                                     '(0 2567483615 624 2147483648 605044609
                                       3335239945 3713821808 99456114
                                       1776187786 3565322452 3071635360
                                       2342932552 2321295131 1985459372
                                       2298818054 3447099762 3459889050
                                       3201901441 855544199 565545414 999430695
                                       3851005466 1159661250 1691275353
                                       1252263035 1807871893 4276380735
                                       2870665011 2239598592 692755310
                                       2760548823 101935706 3254141001
                                       3336973843 3677783053 1083502010
                                       3387372523 1650365804 3333029969
                                       3331041182 3571170346 553992648
                                       3374768337 1466786123 1954942698
                                       4269254166 570268337 1424001942
                                       1931394798 2511802849 582921457
                                       1430093732 3320439120 4233181386
                                       3075804359 3076794717 3491926562
                                       1860862620 3994665896 2223600517
                                       178781924 1784742799 2393976318
                                       597232318 100133813 4019877009 804082732
                                       488330307 443317036 3180204243
                                       1189525439 2404531021 3963463319
                                       226151240 126999245 994823085 3599690725
                                       1578269989 1213924676 293938042
                                       736391373 955128352 951648761 3892721298
                                       789649469 1954757064 756027038
                                       3625954883 3554656397 2474804978
                                       213632905 1384384647 2786379354
                                       2809343311 1259280254 2764445090
                                       4234204626 2049999990 907209432
                                       3632784831 1210025259 2883252757
                                       1852434602 1712911486 1649857429
                                       2165258820 1796528983 3823192529
                                       2520659225 3433350654 3720987433
                                       4099916447 4141261820 3920071959
                                       1029065752 3507282524 2905568173
                                       2023008678 1262071038 291501270
                                       2514588020 2154541225 3109811677
                                       1300095758 3102217460 3354712838
                                       2590648677 2818029034 261836388
                                       2547021015 3924532391 513943479
                                       1707141689 1559309561 981465458
                                       2541267700 3948147288 1640083869
                                       3983308392 3310594269 2018493157
                                       2538699152 2296716754 253079814
                                       3632803684 4086599566 1554796541
                                       1316902607 3345216322 3281677027
                                       150325661 2125823244 4027716231
                                       2489960771 2234980570 2453924350
                                       3650798863 3963483250 2174702188
                                       3321742534 1292064260 2497396820
                                       3787451759 2746452572 2408754084
                                       2681586766 3503958097 2309283407
                                       529336539 3693486835 435252078 144628769
                                       3493195056 2359621153 1936615282
                                       3783938295 4149670563 2176061654
                                       1177695549 1108565062 3360642855
                                       653152712 3113030733 531398300 462823978
                                       1357753634 2280736868 3239906154
                                       2454982402 909113413 1676317517
                                       3270302479 1362418584 3327209784
                                       3102517623 436978530 21625072 4129125698
                                       1529049161 306024685 323476221
                                       1015232986 283491367 1823719178
                                       1480576409 2494306099 3995291404
                                       750927247 252895484 2039444415
                                       2300587919 3586707192 1241500453
                                       2705893799 69779173 2887861395
                                       3012821844 2410963152 1816634535
                                       1318268527 1269949357 2698185772
                                       2360960481 59567287 3203873155
                                       4147677467 1731554777 4119810191
                                       1504603934 2842968326 4274404951
                                       2740838544 4065240178 756321183
                                       1968057040 4276915533 3441334672
                                       3276889402 2872153135 2417101589
                                       3515071923 2421997655 3824328828
                                       1413865417 2694692825 3103643167
                                       567620335 3220981562 3080629664
                                       4078401261 3223800537 1163981743
                                       613485339 3273769485 2696748899
                                       2423207059 2010248219 794951868
                                       1367246902 3578393730 1591412233
                                       3224147835 582177109 1472758210
                                       816958813 1797984252 444430415 66348222
                                       2907680337 1158602583 2649257375
                                       2247668193 2481524366 2967205915
                                       2991644720 2499925264 4130089214
                                       2308185648 326579071 4136520191
                                       3992778433 3725198109 3010354858
                                       733773581 216828726 3976515811
                                       4062250718 1552979817 3829968889
                                       2563444969 3440334971 4088948835
                                       2662666066 2550621895 1598980946
                                       1379818457 418734158 2747476527
                                       3489904079 287949368 2886343814
                                       1708871185 1217112363 599764391
                                       2218567925 2154601542 412335442
                                       3110805367 934365947 2822970518
                                       456519934 3013159517 889888005
                                       1635439349 4288370581 1826461820
                                       3035674428 532792719 2606601869
                                       2624827465 3286106285 835878132
                                       297501762 445007283 3341978937
                                       1981641298 1131701629 4077738403
                                       92514949 2789478206 4033747785
                                       4059776888 3352006178 331905535
                                       1529035054 3350294951 1263718324
                                       1057983257 2674752845 910594017
                                       2102665683 3901442584 979759741
                                       3809043490 1919314209 197172638
                                       2542308132 3613588472 152021651
                                       2534360894 993259657 3888131933
                                       2844033359 1119234753 2348012567
                                       1236784793 1097609668 118214246
                                       2409662566 2991228626 558948629
                                       494891361 319903984 692433503 1571284437
                                       623087069 2284449788 3424359137
                                       2593420635 3660487730 260641600
                                       3416857640 3114698003 754079735
                                       2201871762 3556386007 3909440843
                                       1475238800 1345436144 1549838495
                                       810967298 3431977453 1459295687
                                       2325247091 2433852085 1770661217
                                       3042951767 4106865426 1594707347
                                       1264779107 2486245174 608666635
                                       3670793584 68686937 2396802923
                                       1943816375 658777788 472714893
                                       2790568973 2455307119 4236012864
                                       837931331 818727826 3165393168
                                       1111680149 4098101198 1116804369
                                       3573525692 1440253798 3602388341
                                       2371425808 3102952910 2788812119
                                       135750552 1143639939 3312803397
                                       3890015241 2246090046 3421080625
                                       1061023242 2356927377 1946576209
                                       789103267 2499093001 2462172863
                                       1654876316 1730905677 3051876661
                                       2332380525 1134792939 2900820627
                                       392661549 158611659 2951412790
                                       2816824052 3659653122 4213639467
                                       2036098216 1217991117 1667878172
                                       2614564432 1079189808 3109463163
                                       1180852907 4202259454 2313797473
                                       3163006594 479767809 1806918097
                                       3583339347 361458791 2408080893
                                       1280650674 1512249615 1207425447
                                       1696497608 1759439354 1867746822
                                       1065233059 4044615726 975143963
                                       300164977 292808571 1816103779
                                       4255945343 575573207 1980259497
                                       841028583 804690995 3300525065
                                       3069409741 2478224762 458323223
                                       2232886788 1549301489 2270574226
                                       4287030872 3926647493 1602339305
                                       623537590 3170766671 1070762085
                                       1607422406 1895497855 953282550
                                       523469554 3853164379 650496583
                                       2205492636 4012678665 3283770623
                                       2014724519 1290579304 4192324663
                                       213864439 168242707 3247826481
                                       2225265243 3165554501 1608022595
                                       1767170140 4054843754 2777671110
                                       2395773384 1827900709 2415429130
                                       456188880 1443709731 4113452367
                                       2128090984 4284435565 405447574
                                       2998045373 1390033070 372079874
                                       4012747854 300448857 667484636 818630128
                                       2662336882 1560384837 2986038337
                                       2253164216 2791531722 1142671346
                                       1970563238 341849471 942335005
                                       2529870192 1358316961 4090918326
                                       3880129219 494452639 875763708
                                       2149651165 1612586492 1458187353
                                       1074206767 3192958993 121377043
                                       3135052912 2139854265 1358246407
                                       2656720748 22526414 2486486340
                                       2323102636 976525367 789261697 518645377
                                       1935896330 3363917626 2806840747
                                       2328318965 1524161832 566066895
                                       2105670694 628169141 2780680521
                                       756677655 3450495784 3960729699
                                       1866237450 3724081801 2983867971
                                       3850482238 2628696725 3218752288
                                       3052956797 463417805 464221418
                                       2349090509 3381811192 1111610148
                                       2066515717 3555168150 4233206688
                                       932035116 1171918580 2031752721
                                       1726832745 3603386421 2235043382
                                       140430043 976830232 2989930537 859233206
                                       2119088706 3440199934 1534549826
                                       2465155466 1321858442 2168998294
                                       3314469077 1088783297 1951897430
                                       2221603879 3302994520 911684243
                                       226832971 1719305887 97264544 893009881
                                       3462500473 2163222165 3370521179
                                       1696721601 1920169164 2705036637
                                       3312281618 2228390275 3860177751
                                       2995017895 2822963723 2789420208
                                       1150076703 2090053860 1008912572
                                       461596238 613518258 4146466731 151824748
                                       1909488005 1849792614 1880162418
                                       3155359351 1090519181)))