#S(RANDOM-STATE :STATE #.(MAKE-ARRAY 627 :ELEMENT-TYPE '(UNSIGNED-BYTE 32)
                                     :INITIAL-CONTENTS
                                     '(0 2567483615 624 2147483648 2025679946
                                       3780643283 1017886318 3642773386
                                       3295584804 3662051868 3893206751
                                       533550513 2664578798 299275904
                                       2059190296 2238164690 3391116355
                                       921832322 159248524 3456941488
                                       1730969181 3438589317 3890258941
                                       4098046848 1454520329 790881652
                                       1040540109 3003149395 1925791843
                                       2489408231 724870153 533327679
                                       3278503788 2662343496 4083986326
                                       2419858842 766220430 4073044504
                                       2721416323 2391636792 427129284
                                       3139685254 2895895393 2957306214
                                       1884993747 3376791027 3585117249
                                       2566242885 2597565500 1600136277
                                       968435989 1023991807 1686464568
                                       2946357318 2387822170 1365038125
                                       4146662726 685282870 3786211818
                                       3432441496 3772076170 3893207594
                                       1441916662 825364525 789660960
                                       3879445950 1472823875 3785466801
                                       3747574249 1900512879 4212326600
                                       1680689365 2797925510 2132099873
                                       2546830244 3891358775 4024168204
                                       4036505266 1065936787 2045462143
                                       983984131 792907792 3555497561 102162679
                                       3109766980 1935791165 3699109135
                                       3296757432 1061102016 1225887384
                                       2515738377 1032286590 1539551514
                                       21093067 1601055331 1601512087 172174725
                                       4230279491 2193592756 461563664
                                       3483566517 2808359403 2635368673
                                       1309155771 926666593 4253666879
                                       2225506837 2111977814 2057794356
                                       3344705058 2150543556 1823304155
                                       1667462287 281563731 1325322356
                                       1183779270 4084020149 61035076
                                       2512139315 4012033627 1457941672
                                       938433848 2753648414 1811761702
                                       2270169062 193675735 2149565333
                                       1913022105 3566290851 3201893437
                                       457174454 3219483217 314192076
                                       1986554404 371534792 1905000355
                                       3916635272 2246357677 84191005
                                       1531130069 994301042 2926934233
                                       1699160747 2864750859 2793714727
                                       3235112137 2794772494 1516712560
                                       3649908468 539231049 281011089
                                       3855939235 12491172 2334579641
                                       2481814812 1414004399 4228613852
                                       600389345 3738604673 688591871
                                       3992717657 2141633011 3579258137
                                       2137984107 386443152 4185916203
                                       3990395294 1327951162 2330720329
                                       2692595995 3471660939 103353786 23607288
                                       4099430914 1738418542 3861460493
                                       181635531 2166904396 1153066146
                                       833106622 2616340982 243970797
                                       1894972777 3630164536 3992785189
                                       2841152244 1893854794 596660578
                                       3114590170 593975376 2530950860
                                       1388576992 839347985 1403179254
                                       1011973939 4256619750 1305382473
                                       2584316187 3365021688 2386325986
                                       248118684 1841454083 463073337
                                       4231972105 3070288963 813229578
                                       2412520836 2971450737 3692921440
                                       2779526057 3858831249 4087612662
                                       1014206627 3286960653 535053452
                                       912223029 2271951326 3893126590
                                       507537433 3740579778 918679633
                                       2846080173 3499106374 1600604761
                                       3287863935 1327769492 1976892140
                                       3133822017 2692504871 3876978429
                                       3854631985 808570714 384518850
                                       2062167094 1569391242 3517305399
                                       2645746120 1071041487 4167537690
                                       530998713 848395343 521511481 933963542
                                       1728219758 4201123200 3117989339
                                       1112926440 2217606494 2156552117
                                       4193438890 3562708107 1140242956
                                       1470495115 2235882815 4204522562
                                       300971361 2214558518 3764048087
                                       4105049581 633995276 806191448
                                       2611640642 2429207385 3082256998
                                       3812065611 988684766 4292746642
                                       1813805747 988276500 569483244
                                       1892948608 1240879746 2287906823
                                       615108115 309616377 3113013386
                                       2523613306 3054581842 2970293445
                                       4071514608 3287324036 4069289446
                                       3791804301 3409547424 4107124549
                                       13014824 895345958 2874877281 3933909864
                                       3705843183 4167109206 877216273
                                       617237997 2922943554 4025812119
                                       2176251992 2947605375 3206152363
                                       3049746814 783543600 1152220484
                                       1522409236 641387102 1628538867
                                       1421785448 2915524821 2208695005
                                       602448677 3216935901 2587154045
                                       3521284249 760457821 1242195501
                                       1383118774 1907758213 2876893112
                                       411069617 3958593011 30229645 652972552
                                       2120120497 3515583972 721965222
                                       595259571 1872725990 2471691536
                                       2191641832 2959780288 3039583694
                                       2979396124 2808050952 1306187900
                                       3998776463 1324833801 2159542521
                                       4147139125 1483650623 3434601117
                                       2838586040 761366497 2227702394
                                       228338179 3302993728 547246749
                                       1564671035 3840078164 1208698614
                                       2933553045 219947186 1930173515
                                       671658088 3617659192 3171592203
                                       274083017 3488166789 678463261 404662861
                                       754978927 3472349995 419191669
                                       1528690823 1371726406 3168162247
                                       207370608 1858044578 795559455
                                       2879126865 1674495753 2649146483
                                       1167355174 3071683592 2716177024
                                       819378482 3725640080 2638094914
                                       2729061685 2702256750 1795143574
                                       2929703634 3103435189 2872296460
                                       3513845733 3630559022 2735160984
                                       133036473 1517374593 158510321
                                       3884505247 4214118558 455109524
                                       1174759946 2656096731 1772652026
                                       453499163 3618391118 1457944413
                                       3669357613 294912162 3311920638
                                       690912671 121778542 809225752 570147775
                                       4165576683 2515331966 3517701463
                                       4259874938 426598362 3228719468
                                       996761087 982438040 3124222615 141498028
                                       619235639 414764734 2831832388
                                       2666952849 991594794 1975108500
                                       3230582203 3398236834 3987380485
                                       2685439054 3496062790 1241997374
                                       1413800967 2930248622 176527291
                                       475120907 939881711 258403419 3246700170
                                       1404304540 4251412733 4171354007
                                       2993632706 500376685 3390055935
                                       3661130082 3407076572 3107150836
                                       1850702524 1796435353 1605657592
                                       2787632429 450740110 4243682297
                                       448099522 3609645806 1871592851
                                       842360161 4262752822 2597129284
                                       3370785166 1149111577 2694454536
                                       2971226916 617392971 1949566193
                                       379083044 3093351276 528395575 88458036
                                       2246793932 2411171601 2702835802
                                       1540104522 2263457546 2114596563
                                       594669680 2717003021 233993115
                                       3304980853 840613159 3987921445
                                       3317652828 2328274036 1534517380
                                       3907594936 3270367474 3655313088
                                       1059296329 20822573 1103371870
                                       2027582788 1849576682 843901898
                                       4198493557 978472089 2908992488
                                       1764088756 2990313745 2585596393
                                       1311069547 3464026178 1358515306
                                       644800977 1305160859 1112433736
                                       2523593814 2963327909 72545126
                                       1806235721 2510382637 35646699
                                       3628359081 634457896 209577207
                                       3147791017 1583115882 523074254
                                       2933477131 2089982961 1900952622
                                       2042197068 142756436 1986945782
                                       537192407 2953004533 1622453665
                                       3385508872 1093546854 2397676120
                                       797716847 102110926 640811537 3545693658
                                       1904949026 2728625291 2116403435
                                       3995299510 3727062292 795435862
                                       2540007491 4088647489 3693865672
                                       3700606332 2385420209 984142409
                                       3366076790 2658390085 823539153
                                       576359465 3938841140 3311058507
                                       366691457 4204227146 2917900320
                                       2015779685 3606885531 242475501
                                       2182215584 651698194 3110701662
                                       919696957 2745381232 2114770750
                                       1942562126 4071026749 3193119352
                                       1346381008 419676731 1305026688
                                       2861048178 498369269 3820491134
                                       2053551138 3773632966 3248704011
                                       3433387457 934571435 1523594157
                                       1569215940 2128131144 3394003778
                                       4138822076 3087776519 2688004089
                                       4024362301 3463208228 3324330859
                                       234702905 768113881 4266905517
                                       2445577282 2083106650 1389410956
                                       1181394013 2754170628 3759804799
                                       81821256 4076020167 1404292157
                                       4285113289 2008755387 910812226
                                       2620184949 2462472283 2222308588
                                       3071550607 3680992766 899407482
                                       3729574814 232973005 1522585147
                                       2587763208 933254371 3851314563
                                       2782956377 3038808614 3609846288
                                       776300929 3803070692 2963380357
                                       781095090 3396085681 4215609086
                                       2734544211 1905821591 1459776702
                                       4008384701 830327259 2211594619
                                       3618894306 3440659620 3618533651
                                       3195781614)))