#S(RANDOM-STATE :STATE #.(MAKE-ARRAY 627 :ELEMENT-TYPE '(UNSIGNED-BYTE 32)
                                     :INITIAL-CONTENTS
                                     '(0 2567483615 624 2147483648 3302654643
                                       1587137121 3060844362 700459320
                                       2562273627 351244880 1742394591
                                       1614512443 1829399435 2155207554
                                       2400099622 38259758 3769756084
                                       1137072854 4148455422 3357812 3042882299
                                       2390061377 1754892066 3281782181
                                       1071851160 789643693 2596567886
                                       1068370843 4128038063 3051892081
                                       851188232 2476384371 1344777743
                                       1364236255 1073677989 427093950
                                       3756120581 1807933707 3352099054
                                       3175839546 1298409451 608952125
                                       3415607987 3564987227 2452457111
                                       1585183836 3051365411 2155958656
                                       2383680596 4262685554 699773304
                                       1161474871 2277746991 3346680171
                                       3683491818 734644426 2878995028
                                       3809920838 3963986703 3859710593
                                       332835699 973546246 153729940 3121245742
                                       188158653 1396263917 4080279997
                                       3003060686 1136597707 2281941231
                                       2446057389 1092395202 3334734410
                                       720542764 3139134608 692476694
                                       1358913104 325432620 1553298259 50808304
                                       1026164640 3235494721 2112320322
                                       4244243921 748073121 592023139 484716627
                                       3883647858 2430990624 106152594
                                       1783308276 620519018 3082913115
                                       1078180054 4259154568 2767145663
                                       630870413 4083963022 2900898587
                                       1744797586 3933466286 1871422747
                                       2331073726 217370562 1573688507
                                       2234325308 2768641907 3704645631
                                       2226763137 3466346887 1117843029
                                       1214404987 2167821080 3227761532
                                       3019769613 236351868 886830410
                                       3054683821 3448008565 1755553362
                                       356001060 2992695119 2192578914
                                       2514020404 1721568794 8459581 2511982825
                                       3344360051 2064690183 1719701488
                                       4279894165 3958442544 2040520530
                                       3051773075 980086245 4241430946
                                       382643912 2410410184 2606525085
                                       184112260 1325184812 3149621239
                                       1922349595 1973160480 3265273210
                                       2428276458 1616417222 3721843002
                                       4174088531 1915841635 1981118929
                                       3413134992 1552323538 3851989595
                                       422065850 2791860023 329204668
                                       3554430529 1202672248 4010375566
                                       1672536142 4139057235 2137017919
                                       238724149 2073039889 898577118
                                       4243795309 3606718995 3357962481
                                       1903398315 3607489097 3008658765
                                       846590267 2505048607 3351511880
                                       3609399242 1213376965 466202090
                                       726973627 1512505255 2984188123
                                       1411796532 307744286 3920269823
                                       1597028831 2188783881 467033113
                                       2863702342 207885175 190250269
                                       3279680390 2830734252 2849506703
                                       3221000947 3141972197 879163649
                                       3037509437 1262750054 3576061929
                                       1268990402 2122777564 3096456885
                                       3166123803 3044840121 1759492299
                                       2789846815 4157372118 2820786119
                                       3508255708 3961352540 3868736494
                                       1530602643 2842939216 1938875270
                                       860438617 1634218126 3267890598
                                       3400149962 382419128 1235007567
                                       4086943854 590443740 426993561
                                       1756861423 2283076637 1990023846
                                       1841931711 3325708340 3423289124
                                       3431130989 3753344822 3217293406
                                       3074342491 737995425 342089581
                                       1899056396 3344553395 4047203620
                                       4103336259 2012152134 2442865527
                                       1037509479 4192129616 3979197605
                                       3882239896 1838928860 1369866068
                                       2125018990 3479478243 2800657924
                                       3819773118 4208476116 859776721
                                       3355861088 1153556489 1096418363
                                       881092222 3409595423 2446599454
                                       1204757159 3638901910 610013312
                                       1109571504 352128406 4239206006
                                       2386144837 3373845008 295473102
                                       1246185373 1720240766 137004311 73005332
                                       2910327937 4146700403 2842648003
                                       3523377174 4214879942 1246849183
                                       4216734878 1416910506 2379321902
                                       2886701533 2391068527 1266662035
                                       273280770 3099913124 2110496721
                                       3823364378 954669269 1617305118
                                       4156331822 4142534227 1605472220
                                       2383000740 4176840553 2450294021
                                       439962978 429563917 590424623 2024844846
                                       353810747 3301695585 1524459305
                                       2301807614 1481699557 4100044272
                                       3995102009 1143903131 3999355201
                                       3116395458 1630147146 1663966356
                                       2138052709 520501505 1921667628
                                       715102064 3529696451 4002797426
                                       1082265631 3060329947 2257201742
                                       3886155849 3851519943 2104489025
                                       2591248767 2363829459 1716610065
                                       2815524152 1947652425 3989114878
                                       4138225407 3902776223 234355298
                                       2128403879 2775167882 57925279 996835650
                                       4159753281 3602296287 2372063013
                                       4028834440 751357926 439438704
                                       1702750971 3799601952 2457981441
                                       3387127785 782883870 2933848772
                                       1108838645 2573467410 3562998509
                                       3723105070 2046000839 3071116905
                                       2184254174 237034794 1679977522
                                       214041799 3938895606 653143916
                                       1556692405 4033420815 1792450313
                                       576808741 988155626 2452014148 33493441
                                       1862664247 691844942 2971012399
                                       2583619576 1870053897 3768868275
                                       3758175317 672054941 836974641 809904714
                                       1396157332 3994163975 2565343216
                                       3138928433 4243505744 1473342569
                                       3817957436 3759869563 785588400
                                       1135616791 4260394791 4047825023
                                       678139688 3804447168 3436479285
                                       3631778420 844972836 3924451413
                                       114687516 2998291741 4052566714
                                       1064634911 1414014620 3621380825
                                       2493004978 280339978 4018656604
                                       2124268988 3595768003 406585009
                                       1408167303 2681782174 729027796
                                       2707112118 2923833211 3436404426
                                       650889960 889605913 426433729 1231691308
                                       2742116956 1733745958 1868544839
                                       3377476238 4179312486 4002753288
                                       1695928113 2337718103 2132991681
                                       3191642961 868676642 2588154695
                                       3584389210 3334939304 3114914128
                                       35498159 2207358031 4090046076
                                       3962666954 4101106938 3064674901
                                       2593578320 974398165 3574696838
                                       3733958524 179221280 3054374609
                                       4281228989 1177125688 3848592825
                                       350463598 2672910804 1755601005
                                       980832967 3160110780 1806790944
                                       2145877025 1181048622 1239472576
                                       1230265293 2685204013 353219302
                                       2839085405 705245792 233318816
                                       2445721345 2731834972 3172330308
                                       2553379187 2690599679 3105046729
                                       3087763430 2126109054 3751689613
                                       1468324116 1832936316 810395752
                                       2150517992 2807839519 221202758
                                       3389462863 3697270261 1305885677
                                       3245009715 1324129172 902374280
                                       824519061 1417733351 3704255404
                                       2449341611 2044085652 2032716710
                                       4214557140 3818209992 2099838109
                                       2767407785 3926843060 3375558228
                                       3518683047 360567873 1952755778
                                       3862244572 3294609459 2907426210
                                       3596586598 20003338 3690530167 682466269
                                       3038563657 4254712298 585120735
                                       2163954048 206726190 4136688855
                                       2200829688 3920475210 1371564943
                                       2761004350 2462992108 2495191268
                                       1996678579 3449991369 4204356900
                                       1523587989 1611685339 145494124
                                       1661148748 3187788449 2264442536
                                       1763515022 802458366 2536278849
                                       3618060342 4248703902 2191185821
                                       3747025955 2219641021 2664450803
                                       3909206603 3788526692 123495050
                                       862398598 1686210268 3965172409
                                       2758618891 2205487367 1393859223
                                       492554713 2788564371 3169568421
                                       2794464754 1891094116 3251646465
                                       3460279578 1673502081 748105744
                                       2050309664 3016353262 3220386393
                                       710123176 2415458330 2329230045 79397155
                                       4258421299 1253209696 1252010459
                                       1550953881 2427971459 2714024297
                                       1491639426 334451060 123765465
                                       1562790606 3140310006 3108313892
                                       2633692038 4154038222 3021881763
                                       3593818744 2040613171 449012764
                                       148578431 1799765588 2666450976
                                       1153187227 3125807748 3575757219
                                       1235417801 1361810354 3203476975
                                       3344088366 3735328821 4266634657
                                       2449831284 1811110357 600654841
                                       3447031776 468779338 2979916425
                                       4048224615 3491627035 609489398
                                       344397887 975913757 2030187146 18841015
                                       4266832077 3494196921 931919384
                                       3244383973 1962182223 192712643
                                       3480294226 3332595806 3999158741
                                       1930146427 565979933 3691946049
                                       4194389411 2923493024 429719970
                                       3821783297 818162428 3976214349
                                       705296961 3559882840 9360987 4136614502
                                       2970218200)))