#S(RANDOM-STATE :STATE #.(MAKE-ARRAY 627 :ELEMENT-TYPE '(UNSIGNED-BYTE 32)
                                     :INITIAL-CONTENTS
                                     '(0 2567483615 624 2147483648 393303843
                                       411820507 834923054 304695794 2557604085
                                       2187512463 3541352845 870452916
                                       979746815 1962423429 1378601591
                                       2879581622 3143322020 55516427 671190055
                                       3242669468 4204140945 569222969
                                       2663737258 1745665402 1068920476
                                       2927390136 1835589329 3800559413
                                       4035936058 3247637617 814225235
                                       1230492093 1559349869 1659282664
                                       4176003368 3642881182 3817094728
                                       597375985 824425149 2921080890 975998401
                                       758940761 26091359 870817899 3665061687
                                       3147678278 3374748480 1014802806
                                       864711831 3071777069 3904530358
                                       2622142692 3807589 2447721475 4006198853
                                       3729019 4125706132 2081287399 517213944
                                       1845515924 3349373802 2146341776
                                       1364454739 2078399078 3620583308
                                       3926650714 2041746559 3379719286
                                       3835969013 2526600382 1592505939
                                       2305511071 4206794007 1815998756
                                       3538050384 566757943 42210691 310020873
                                       3020000848 2928922279 4046344437
                                       74841136 2563745411 1037668759
                                       2831760536 2217938774 2416004426
                                       2391057391 1175496352 3939671830
                                       990978292 3376149996 2171343664
                                       3553416922 1182550899 182043670
                                       4088059377 288442392 791084834
                                       1634928190 2951735913 3469734354
                                       2745319535 1692054278 4038394654
                                       1399495701 257151388 2437280130
                                       501181888 1221054732 4192177482
                                       3150165325 2352922856 2833532017
                                       1901597986 690685486 4017446615
                                       3619169067 1219398895 3884616803
                                       3878931366 1087630607 1523860330
                                       1690126749 2386577950 3099146975
                                       700353669 2981154805 2546200998
                                       1908487942 3295314845 2793780072
                                       2981608142 4205087872 2182936108
                                       2949238398 788393339 3624648860
                                       800906321 3642263534 3256485981
                                       3236450313 4243857942 783520929
                                       3661609643 3910632613 464689007
                                       755440110 2464197686 584475062 880900698
                                       813430108 4142244998 2520760741
                                       1695591835 1077364682 3876088714
                                       1991358420 3391824425 1878628529
                                       3145016883 2090352044 2372346436
                                       1668390191 1907405823 665402323
                                       2197474868 61249366 2055296876
                                       3627063867 1287091592 2361996437
                                       3933866561 3370950648 2696023961
                                       3881857838 767363341 1359267648
                                       2800230309 911190030 679626133
                                       1992850753 1471328189 356363321
                                       1430995181 2301713906 4063826189
                                       3064639539 2788357307 4151739709
                                       3679072832 2253125407 2272467344
                                       2858517662 4044671336 1646225299
                                       1633652574 3016593004 2810464395
                                       1352941208 802957603 2257707949
                                       3458816809 2644889892 1673898160
                                       1452176625 2796589663 1722374209
                                       351716651 1190285779 954530262
                                       1576477544 3968380941 4261714635
                                       1724292468 3726544566 1833112356
                                       2912920841 1361242364 2034127506
                                       2241174471 784153289 1489821052
                                       4004179789 3051354280 2782144372
                                       110755932 3428943680 2928351170
                                       3203736454 328389393 731129420
                                       3999654331 3080125311 1698324193
                                       3889658659 4072649316 1276235536
                                       1865498297 784687599 3336268436
                                       2539946315 3026205068 2066426258
                                       3977779288 2340735789 753262103
                                       1697154676 3241835565 872327133
                                       1238238748 245331897 2907526370
                                       2352270791 246215104 478145714
                                       2461024844 3376520034 2960144468
                                       660506841 3433048480 1629318933
                                       1991867065 2933577217 3721675059
                                       1599202521 3223008788 1767586616
                                       3673443081 2198989249 3924583885
                                       3806233674 1431901475 511981263
                                       2171044623 1882405272 505491564
                                       1628492114 4020002429 1446078233
                                       1655992614 1468618823 2518781976
                                       447400039 380075326 346889002 739345881
                                       398251403 503752121 2837704567
                                       2644255455 3599454374 1719657419
                                       3178940269 2503244257 3900893758
                                       2802383360 1488482821 2824277612
                                       1066324390 826220750 3105607960
                                       2967560272 795937110 4093547082
                                       144847286 3332960108 1135418298
                                       3094802301 4271073440 2167648457
                                       3230712220 3454380714 2073925033
                                       3583991109 849853367 323261416
                                       2008502791 3094792330 1787368109
                                       3082204325 2790745380 3920297007
                                       319269368 1860990288 2336313892
                                       4077169783 1899011196 1662101764
                                       1209979437 2946222147 2624476214
                                       1706715755 1239070133 1965078352
                                       3185258911 4084222642 694193668
                                       3590842695 1557800593 734743250
                                       3216199776 2992333991 3681282386
                                       1853014901 3722944104 3324791864
                                       3108305063 3734202913 3524574319
                                       2716373900 1274171306 4172660539
                                       2066763787 3293036723 3558200931
                                       1629798017 2342772241 3724776830
                                       3723351659 1494232843 419827474
                                       4175137997 2160974306 655629063
                                       2349067492 1731572759 1923431246
                                       2418128207 748322068 977162030
                                       1754593593 274145546 596918105
                                       3563426231 608404031 1489557156
                                       3438919092 1623359667 3538425255
                                       1484022153 2825891206 4201552051
                                       1150102705 168469906 3378081390
                                       348126080 2909577767 1596984361
                                       2990454515 1537772028 991774567
                                       2558607504 1377190 3915208129 1476085529
                                       3011140190 2172479605 4132978493
                                       2961332278 2033139911 2811540112
                                       3867713425 438417964 708431322
                                       2692963075 3401347862 74612978
                                       3892314620 3692159059 1955682752
                                       4215461588 1561060094 3923091845
                                       1912603366 13069918 3055676343
                                       3918696614 1936640930 1064615821
                                       4159425645 131925161 3889588360
                                       1779088243 1956605957 4040594808
                                       2584698618 784359810 3432754534
                                       3589360342 3809360177 1603363960
                                       612512388 1947975532 1172491192
                                       618384943 3950188983 307642504
                                       3549303168 2530481428 1305705826
                                       664846543 644360774 690363113 1369868253
                                       3776532118 4135640980 1757630510
                                       1119179818 291120908 1450078063
                                       1536871323 3215429845 2171981171
                                       4026349418 2939943811 2659528582
                                       172792582 1596875748 567259262
                                       4032277929 3969275769 3645864432
                                       292764572 68939221 3145121346 2122152661
                                       3209415139 1931615295 3598034663
                                       248277878 4192365021 858771019 741452742
                                       3165738806 2083921157 3673918442
                                       943050949 2169195616 1268511302
                                       2024389586 2530290943 3750698733
                                       2779020629 3588947216 3187123839
                                       1205281472 720722081 4043041220
                                       3123210632 1231454181 3605259683
                                       616205544 907235300 4258385567 565713291
                                       534252443 2578775624 3075893544
                                       3562132047 2032151452 3843341539
                                       1897037213 3528043443 3607355411
                                       3935329144 2845957590 2849568135
                                       3825383659 3211168545 2060140326
                                       2091820471 1478971420 403509834
                                       1105627492 493680339 3443477300
                                       4047402370 130424383 191797008 424174449
                                       2613673909 3969096829 1541476843
                                       3538513656 3693134679 2776216313
                                       890166630 1862724791 1537176840
                                       1877836107 24164471 2051229906
                                       3892371095 2429536865 3879150 3260590332
                                       2974863598 1299715646 672770861
                                       2315475798 798442878 1169661724
                                       1977954354 2832876957 2129841114
                                       1892473785 540270408 3045687118
                                       3416416234 2586382187 3204684878
                                       2037988171 1704964226 3444571540
                                       2800914536 2162949543 4073123877
                                       3660043120 21979280 2884071724
                                       3389486058 3048507208 2414755958
                                       3930174591 3564220863 1716185319
                                       2568933000 457123052 2115500139
                                       3759332350 4164017974 2987769161
                                       17595681 1515198815 3682051532
                                       3262285803 2206074928 2589816720
                                       903334286 3299959159 2420752409
                                       844354809 41846020 3620459188 958345182
                                       424983524 1186978811 4030891523
                                       4289804298 1282186982 550751844
                                       3731621777 743701737 3439997458
                                       3625273892 3958240082 2350648637
                                       1297515397 2050843375 213264672
                                       3138407558 3013934981 3332043214
                                       1903912851 1019261747 320419116
                                       3279275539 2003617805 3098688544
                                       2887025878 2228538689 1900144071
                                       607201261 3527831794 3941473525
                                       2996596321 1107592193 277752542
                                       1055316599 3407048669 1204462290
                                       2609990626 438949194 3520178887
                                       2911998462 2012343987)))