#S(RANDOM-STATE :STATE #.(MAKE-ARRAY 627 :ELEMENT-TYPE '(UNSIGNED-BYTE 32)
                                     :INITIAL-CONTENTS
                                     '(0 2567483615 624 2147483648 3303251410
                                       731259215 2678032981 1950283834
                                       2894580335 139520636 21082314 4124072511
                                       154144853 1095134942 1627947225
                                       2271893084 818767794 4203350342
                                       1284476677 1388013878 1427271901
                                       3594278085 639572978 1868045104
                                       2710666310 395140074 3523597114
                                       2040275471 3303313148 1533308169
                                       1280130425 2182885626 2609607737
                                       2394674708 2439567409 243675296
                                       2468049717 3568751805 1524299752
                                       2435005825 667049189 882423552
                                       2981312107 4275475514 1938881831
                                       3332142865 867051844 2397222953
                                       822583172 3328827731 916236109
                                       2281846107 3415598453 1899213729
                                       4069065108 1033280479 2137997002
                                       473683360 1605957578 1289865065
                                       2752485886 2043136371 2259853972
                                       4105087816 1577697642 3494187176
                                       1520560069 3588447403 2788985521
                                       3521361662 1506695097 1690488583
                                       2374359367 4010529496 514196491
                                       3148094602 3170596383 2555038168
                                       2800122197 371016878 3338447427
                                       1530456006 2641325143 2585637912
                                       2991352081 2714139851 2735207289
                                       679941578 2896622849 2782072683
                                       719624431 3145031726 632091959
                                       1200331522 2489420169 1599901258
                                       3016720251 985487168 105333253
                                       1217718860 2072924646 1196093295
                                       975110576 345834279 759808969 1696993855
                                       798331011 755573063 3096232531
                                       1900754427 4068072137 2908681670
                                       580764758 1614419357 1551351370
                                       1684171430 2209551774 2206878194
                                       979991028 2865959235 271137982 791667778
                                       4237676324 2047787483 947824196
                                       1184971002 3187476589 3989841866
                                       1275179628 3942402439 2993783608
                                       4142729920 3687619642 3376370004
                                       2293032446 4255201085 156525389
                                       939731599 3844420081 3779306871
                                       2975399989 857399383 3657221403
                                       457084184 2878731984 997701003
                                       3634869713 1822357108 3098111948
                                       1422102397 3528836323 1960186870
                                       3202103623 1961497271 561616282
                                       3152815724 3315031997 2164014556
                                       272674168 3813709950 547500960 734044880
                                       1984392595 1686287938 525043237
                                       970734036 2259820680 1624281309
                                       1121445011 2380858061 147617579
                                       3961617614 782320310 236093586 66751801
                                       1324348113 2482083131 2476584154
                                       3214117239 1574863583 1349246192
                                       3186909570 1106531800 3062401147
                                       4239504573 4173795019 2929926484
                                       71469173 3346517653 2771369987
                                       2571323559 1028601848 3714534540
                                       1607159187 2738448974 1111768851
                                       676719854 3237513374 44639450 1247380322
                                       3450270201 2655332029 2539293106
                                       166335830 3397834700 2310690354
                                       3760008823 3952304386 3697869545
                                       2531232332 1192383660 871480672
                                       2407035587 2218152672 3145017720
                                       4100122873 3845078665 2991174440
                                       2139273899 2489680346 862534290
                                       1655361572 2126888162 102379708
                                       2396501318 1668962826 745232749
                                       3206513139 3933775199 4190776107
                                       3105320736 2497402384 2975062633
                                       1902276949 526255680 3182056413
                                       1509006286 2227352308 808642355
                                       1072583045 803790347 797110274
                                       2077745348 3976854500 3656969366
                                       1788364360 3979365112 788432075
                                       3073049612 3812065951 2283981421
                                       4062320292 1403729211 847816606
                                       671016265 3896962808 1376309203
                                       993506530 4138038753 4255329031
                                       2959620710 1101905543 4287887619
                                       1946408746 1615870304 3139065517
                                       722367081 2992168690 3420224639
                                       889748331 4182605058 918183475
                                       1623504112 2638065832 2699328520
                                       3142447420 3362700007 2473132602
                                       660654716 2355815281 3474113068
                                       2653482272 2549941317 3902733499
                                       1764729351 1625381256 4248239255
                                       3437799104 2199220951 2743081169
                                       1500321363 716288196 2130669610
                                       4117709498 570744254 1743070652
                                       1533998498 2868300936 1826273079
                                       4095074212 163313174 3376349326
                                       1629398869 4135856732 687067193
                                       4070461641 2217673372 1903483105
                                       2790689492 2655884811 1724878832
                                       1241787621 933725965 3655321741
                                       895576566 192932977 1938697546
                                       1394976042 3057558323 3151242454
                                       3231762609 1242174344 2970542820
                                       4004440619 3095372490 906464490
                                       106503702 442786814 4267876727
                                       3681642069 187538090 2564033215
                                       594086110 630966666 281234030 242491450
                                       1055426008 3425124854 2871095113
                                       1472629808 3762515020 2567217568
                                       382771203 3442919461 3758189454
                                       1410985695 2012463950 677429212
                                       3506684391 4288356162 855377838 20851696
                                       3427176589 2783881300 2335015518
                                       277566078 3701526397 1448258768
                                       4080070117 1883367553 2377895036
                                       1971989979 3894863948 1771201230
                                       1536227290 3008888489 3309827916
                                       1809754414 2501237339 507347258
                                       2220270671 1503554382 3443568850
                                       4100188219 1252127194 1200311547
                                       3300103974 1295539905 3898202322
                                       244802087 2131202064 3747113678
                                       1287575708 1291715479 2721180757
                                       1085348693 885423886 1254644762
                                       505489670 2356627168 1506471332
                                       488542467 351890024 620256862 931107767
                                       2378630109 1595569261 686908110
                                       868450480 2482205066 4025460752
                                       1919660375 3953478589 1238568528
                                       3196038306 858906878 3915145396
                                       571944601 3639621460 1863381988
                                       530101305 2566167753 1697985028
                                       4063543181 2007034299 206001149
                                       1769618454 3593298336 4225521703
                                       338267875 2723556119 2521870256
                                       1060030687 3489972256 3894734161
                                       119079442 278760936 3986061391
                                       2243609614 280552077 2022860926
                                       625454274 1678559415 3407781048
                                       231321769 1840166752 1702651915
                                       2595507474 109614750 2374575632
                                       2709005472 1287585685 4146570778
                                       2951795021 2086823623 4252566850
                                       4197384269 4047821816 2829171798
                                       848409181 3669018985 388326536
                                       1846634681 3753664390 384588547
                                       148438719 2162563870 1151009779
                                       495470437 493206080 1912311956
                                       1584827905 2965402360 3545931412
                                       3396090420 2571818382 244095990
                                       4002655276 1235738807 857209694
                                       2342920563 4121109663 2964775821
                                       2318040540 599394351 879058515
                                       2524298117 3711100832 1145840572
                                       3639103166 1575442922 4205719916
                                       3751238767 1835042795 2248667994
                                       4043509932 2627855128 692234997
                                       1569134341 1378342140 2484051562
                                       2985791087 283601694 1826129625
                                       1514446915 3268810592 331166521
                                       1954751282 139617933 2745771495
                                       1422535097 426382576 478948959
                                       1462893862 580588425 1578121060
                                       3166374265 943367221 2464299154
                                       950203789 3223454134 4220700320
                                       961475726 830016144 538334863 1744455072
                                       2590492286 4052566194 4058737979
                                       2709545277 4166956025 245044219
                                       1504452576 1099583518 3115362726
                                       402301209 1084657662 4113473034
                                       3541954275 3808169879 2745587587
                                       513464306 48237758 453192388 1140348936
                                       2158762550 1980611977 2276010674
                                       1365886061 765133457 104830720
                                       2072695589 3688996882 3229479859
                                       957316849 55575031 3212923208 3420143078
                                       2903017411 554827263 1404201259
                                       1665261965 821408799 3230666869
                                       1852409468 6237675 896277510 4129763333
                                       1033663500 764922018 1828852935
                                       440789550 1055588262 989472871
                                       1032937866 3787138280 2480850693
                                       1813251320 808651698 27468799 189865338
                                       4210473727 399417904 1016154108
                                       3570037643 1366438659 324045409
                                       2860902732 2096096744 2162273287
                                       2235231592 3196182218 4042171224
                                       577733103 2518298407 751640662
                                       1314068610 3269652006 3207139522
                                       1962796258 2542672858 3964371054
                                       641697119 993075101 3332086966 943093985
                                       3465401639 217402270 336675923
                                       1564290897 2184903802 2473414595
                                       3123166316 2045595046 2947248543
                                       920022086 3950359000 504429844
                                       3676082720 1627534666 3222933987
                                       2837389396 1464112279 410132258
                                       1075839852 2275320149 414219336
                                       4146711687 68093021 1154110771 88296401
                                       972315361 3060129137 1862947013
                                       2662134088 2026640945 1774517306)))