#S(RANDOM-STATE :STATE #.(MAKE-ARRAY 627 :ELEMENT-TYPE '(UNSIGNED-BYTE 32)
                                     :INITIAL-CONTENTS
                                     '(0 2567483615 624 2147483648 2660901483
                                       1027193604 3438673715 2075269315
                                       3131280154 1206702211 1305034554
                                       3072487649 1493702075 1234467541
                                       3009584424 1359489915 1650845741
                                       399095888 1713819951 1983472628
                                       3971556321 3868960860 8029290 1134949652
                                       2106175378 1872043765 1731454144
                                       484230430 2543335819 3514727055
                                       1133585071 3149203817 1916699135
                                       2989981152 493081669 4055681250
                                       3850691444 4254409034 1742570552
                                       3572255931 805407681 4054193573
                                       1298417938 1071407985 1648605900
                                       1976979530 1918384263 2920438164
                                       3115945192 3283280028 2900489490
                                       2858468996 1053992029 3136628603
                                       2383378459 3929901634 154053293 49732629
                                       2667478390 448964265 2873891189
                                       1751965067 2388111344 4142570415
                                       928255565 318315346 2805671682
                                       3391683331 1013592443 1226253194
                                       3971744963 2539472153 3824908984
                                       4051504659 2685480497 1267476753
                                       4009445346 2249834541 1413720235
                                       720421147 1146904676 3176020361
                                       449480741 1880105060 1915271756
                                       2147046657 222891988 3599306372
                                       1069668694 4140489074 2549816390
                                       2834413020 2834892845 2552011839
                                       471203094 4102284019 3522010492
                                       1162404998 1441233727 2729945051
                                       3717525504 1943787071 2341670447
                                       1442411468 2237308524 107596771
                                       382448157 2410954523 4261021628
                                       3450095630 4262601714 2471195486
                                       2906701038 2270202933 2872790815
                                       2284387774 2673347241 76305444 710719551
                                       805118711 3318093756 3890548110
                                       1449795952 559117750 2275136428
                                       2184827433 3890745592 2188379257
                                       43546199 3800322261 1484953976 313280845
                                       2220508871 2945281995 1220516860
                                       1630738599 1058683043 2893890072
                                       2175238773 4281999719 2411574062
                                       3488710406 3520602120 2449761382
                                       1774217040 28786195 4085491366 138838546
                                       699769129 3476481303 3739758715
                                       1104095912 1065449933 3315141616
                                       3000427361 3014596483 3895466501
                                       1818460285 1294013287 3345214150
                                       1813706322 954929239 1666569122
                                       1234087105 580942733 3650339776
                                       2770227640 2192290104 2734786501
                                       2953418654 3178137261 409653284
                                       3528425150 3730777073 219248637
                                       3630262011 2373497592 3952766817
                                       62925611 2841383311 1465737844 120157929
                                       2962320617 3322342732 2610916111
                                       1755473577 2538643046 1651569623
                                       501738061 208421035 4061846299
                                       2623370604 3596814299 1948189524
                                       2704237446 3266813447 145081941
                                       118739011 1629363341 1668589664
                                       669420744 4238915941 636238609
                                       2163488661 1830631935 963986821
                                       3960294408 1882522012 3517006555
                                       3101877114 2122540566 1762683380
                                       2003283272 2772297187 2645778419
                                       142065110 501676917 3863484423
                                       1816919141 2882979272 2134109142
                                       1562025955 2094970283 1871608339
                                       3035960540 285688045 1658807330
                                       3622125551 3017529904 3665202814
                                       2100074421 4129926763 2860390921
                                       1918805723 918322466 2499675935
                                       1743435332 518505461 1511227220
                                       3724530257 594715651 2388124466
                                       3892855549 2423779159 4284050091
                                       3203268107 602573802 123320583
                                       1967301487 1480452734 1181470970
                                       31748802 3109395520 1500098997
                                       2004380835 3581988855 1820961439
                                       269396437 1063262173 3536262679
                                       865245226 134559191 4015699759
                                       2999995569 3380421518 916130128
                                       1966461203 881489 3799221710 3516498953
                                       1655165716 1697454908 1611247052
                                       2882871483 180787712 2866978490
                                       4026718666 2124591940 1535054718
                                       2432850661 3421569625 3430872079
                                       1338649738 3215481963 1055640747
                                       2722013994 1527739705 2130812880
                                       1934533856 2508126881 4090023300
                                       917178893 453278459 546481459 1370904331
                                       2099174259 2874018121 1483838204
                                       183365388 3912718165 1585813425
                                       3705296481 1534218991 139771177
                                       2716032733 1498546025 3608335083
                                       2549674557 2081593164 2829806866
                                       3813437411 3129265997 490633888
                                       662339150 2050874048 1512742693
                                       2701424131 1917822514 2992016880
                                       316449655 559725492 44242514 722511537
                                       916187612 1499878656 118680561 579201350
                                       3613257069 3317390267 2314767575
                                       3897045711 2765381028 3825258261
                                       1173293642 1248940480 15221071
                                       4208626300 1177251946 3196692504
                                       2315379919 2832509449 3701674882
                                       642512191 1399889142 860726658
                                       4291058694 538301645 3722142168
                                       580160273 1849502080 3876810317
                                       3515853909 122465438 3007478128
                                       3093914023 2518919373 439182382
                                       3054750192 829040100 1322304907
                                       337777163 524541291 2046965479
                                       3317015492 545788737 4200434435
                                       1217454287 1663482315 2001526586
                                       2388609964 1543952849 984682723
                                       2786982042 443705161 2922520237
                                       602464424 601053755 4052608262
                                       3309743580 419248288 3968529004
                                       3168962310 1527700878 3586768893
                                       1803932941 1874087337 485248325
                                       480557488 1036876985 7559181 1770930507
                                       1981320216 2081319824 3807736868
                                       1338401738 772655531 3752728640
                                       4280066538 2195924516 3424733301
                                       4188437802 1265716241 401867594
                                       2718524923 3709353948 867764233
                                       2637585817 1703153123 3602646726
                                       578606631 2535837298 1872632957
                                       2275549928 3939610106 4053927115
                                       2944903692 3026722586 328328945
                                       3367820858 2766277483 2211607924
                                       3154903806 1092624645 3620978800
                                       2214019273 2874042509 2640810699
                                       4169767052 816955426 4141622326
                                       810177183 2868702613 3939750128
                                       4150005929 1255553918 3198336201
                                       1229978464 3861262320 3021063424
                                       2676608431 387767156 1444907172
                                       3578887695 1975548370 4203546070
                                       3688336667 3627403014 2808731259
                                       2131498670 4075441812 2214282945
                                       3695146503 4220297582 3943495517
                                       4076404774 1646682662 2094606154
                                       2054655679 496274755 3050106075
                                       1975068705 808748429 594925993
                                       2856463983 757503174 1781479587
                                       1753436591 2847582240 1615758304
                                       2141818227 3186364664 183081943
                                       3965682635 1920953926 2478360421
                                       2167975313 3513952284 2627611129
                                       2098593054 4285617768 3605006273
                                       2853186106 2529645104 3682701385
                                       1580635649 614295561 3726649876
                                       1458050431 828010268 1832865466
                                       3340713608 1015162402 3135220295
                                       442908136 1876952725 498397677 757373254
                                       4087245330 3028803767 1892122831
                                       3881441305 1622086629 3028774525
                                       3861702792 1024046448 3238104042
                                       3591235849 1651458845 2211176612
                                       3098090774 1002794964 714002468
                                       1365214148 1483376851 263838520
                                       1684519036 1517498711 2376065045
                                       2588328182 3413580704 3055299369
                                       3801269179 2826654946 2058188471
                                       1217162924 1695556810 1139993874
                                       3099189011 1184240010 3218330377
                                       1643505242 4273642589 597096984
                                       2438475442 1537677294 1272621110
                                       2444955929 3714666288 2896246858
                                       3877466578 3976444653 3573103860
                                       318921328 2043501736 747683494
                                       3069363639 4114642352 2447042442
                                       4260462204 2146415527 432340484
                                       3805513804 2857929570 2002906056
                                       470127323 3693952327 1329312785
                                       1257955282 4029998721 2096845121
                                       2737359715 774143425 2480007744
                                       3408374685 2717701587 2456776503
                                       776996877 82470502 3125107444 3222771021
                                       656570905 738568945 3802607546
                                       2987282006 3299814022 4162669091
                                       1050418994 4026071910 1900438257
                                       2836864139 4272745885 3349345137
                                       3282568739 919010862 2791249564
                                       1936396515 2358644109 3564592943
                                       3334359034 1017332000 3942652010
                                       1810579594 72752625 572485237 905207893
                                       4120796960 2917525363 2549409226
                                       2267907463 3234517674 459411525
                                       1854419012 1261277659 566039738
                                       3841944298 3649238595 1947043106
                                       360320302 2240668414 3019590622
                                       1839804361 712447496 1834426466
                                       1589594891 1581099143 2640636132
                                       3381630426 3225096920 764860335
                                       4245532366 435570887 2390976961
                                       1511496692 2496712699 1160559090
                                       2864851525 3643713582)))