#S(RANDOM-STATE :STATE #.(MAKE-ARRAY 627 :ELEMENT-TYPE '(UNSIGNED-BYTE 32)
                                     :INITIAL-CONTENTS
                                     '(0 2567483615 624 2147483648 2563005986
                                       430183505 1698150629 3936072151
                                       1211453782 3689476465 3449589194
                                       3427821470 2341366372 211929712
                                       519596078 1229987499 3274480097
                                       2452070447 903640528 2472337652
                                       1646380438 553399434 529131799
                                       1494251101 2804962808 2022553465
                                       3591121551 2199208729 2581403336
                                       471723325 1328667991 3107068114 39833209
                                       171323476 2731802094 1731411343
                                       2596132589 3796373368 601619389
                                       441928728 2944404823 719566722
                                       2055466501 3267831623 4197856725
                                       1550182809 1914203421 2801731173
                                       282005443 1448324300 3860469035
                                       3199077064 1688433762 3883431398
                                       1923384505 1523287137 2974849977
                                       2617404526 3468046047 1317561716
                                       2858790439 1525220733 3722411925
                                       2053026367 3216930357 2024737251
                                       2505777367 9427434 1277890682 1828649433
                                       407036850 1413805468 4128325810
                                       1824747661 2338550638 2041918182
                                       609612915 670519510 1578954716
                                       1579609113 2548370473 1169265544
                                       2722455672 37080134 483973864 2242708057
                                       2246127101 2305595554 1445637212
                                       3952337733 2853587710 3216427035
                                       2851166345 2319295796 4042251419
                                       3873905605 275906651 735087390
                                       1713723447 94707262 465172797 2263532242
                                       2185035289 3376590697 4115316166
                                       2910963394 4052305884 4203710063
                                       391699439 1482069592 1102352095
                                       688949343 472480250 2813807581
                                       3906723684 1923836402 2673345335
                                       2415705270 2802194382 680081074
                                       851437841 4246306063 3456736846
                                       2272481827 2762154442 2510536375
                                       2164113103 74030423 3005452837 167243359
                                       3229893971 2415179548 267380004
                                       2064721552 842922324 3343252715
                                       2128215473 521046859 1744627709
                                       2941702325 2723963961 1081722545
                                       4264312622 1802944005 1750364011
                                       242853035 215221910 1605347688
                                       2864668696 4186594725 1848210068
                                       2643326707 1620770324 2637448559
                                       2968776011 2203771947 383479063
                                       2180705393 4114592337 3351602226
                                       2577318487 3400440786 1419477645
                                       2999421135 2831800263 1611649686
                                       3187985446 1894288411 2178206865
                                       1675061137 933178092 104998372
                                       2496322036 1819435532 4197898131
                                       1187757906 1613453755 3844661318
                                       3580565824 1242845055 1477563880
                                       3646654315 2315958585 1400972186
                                       1380751279 3300656400 869298259
                                       3382982624 1558438655 2512705667
                                       3223479560 760080976 1518447892
                                       1386860367 2290158147 304485187
                                       2985858841 3689443656 1860567813
                                       2127551316 2934591265 598989712
                                       1832710865 227512251 549129638 956795046
                                       391049699 664312683 3872928952
                                       2151738764 3854413485 1435052423
                                       3957307536 2171239063 104103077 14270235
                                       1282110805 2298066664 382245321
                                       1421792472 104798828 3058976805
                                       762256984 3830824048 3571960303
                                       1118590884 4247045374 1381418690
                                       2631798950 3987805953 828617500
                                       1340262208 498193558 532003793
                                       3647111232 3470618438 1111895566
                                       2496549491 648747496 4198637729
                                       1287542984 3224470173 4190191557
                                       2114871450 2281984359 1493011432
                                       2215541134 1132152174 2808808589
                                       718198588 2131982857 908939106 954246892
                                       3032669334 2687662600 468996712
                                       2259970821 870271058 3918679441
                                       390905683 3482623006 1781999677
                                       3423906705 2061456450 2430461305
                                       1719579347 4068896326 3257049379
                                       2389749744 2332691408 3459848382
                                       2475590613 1293375926 1123127149
                                       3693399652 3113204390 1827718463
                                       3258415728 4058146187 772832889
                                       123088623 1698432984 1101059604 81917401
                                       1719169706 1648038268 1779771517
                                       529115242 963663584 3138729100
                                       1225608286 1110781084 539275907
                                       443165874 3872164227 1499120550
                                       1493271893 1716550778 3394762559
                                       4199544262 2401227946 54680661
                                       2087387219 640900613 918560753 150690470
                                       3607736847 1614274843 329045155
                                       4104646184 2765419169 85986038 996933876
                                       63613736 3894896506 3152163795
                                       2761321905 2609466696 1494983444
                                       4020760388 289352284 2161470592
                                       3021811592 2551114756 3898117032
                                       2845463358 2680778554 1883049973
                                       879977433 1401649532 1590415036
                                       3287311401 52190480 1709775083
                                       3785392679 2739819784 3425666164
                                       440709743 2803567449 3512180769
                                       2306483224 2619214023 615648845
                                       3827450704 2765252490 878245173
                                       3694834628 3520207564 4044582558
                                       1396514900 3991428276 617593959
                                       635209659 1456695797 1028292787
                                       4073294458 3868356566 3681901920
                                       2970391258 1432956343 1093277518
                                       4048964837 1189419674 3719855391
                                       1112588570 2310238001 1820982524
                                       1630094682 2718467684 152047343
                                       2024233358 1885197519 400211708
                                       1281875395 693102473 1486877202
                                       4142206115 3066039044 3648557704
                                       2632198987 776072377 899874438
                                       1757381857 1568801518 1243423721
                                       192315920 3939219293 36568835 1050889128
                                       2480848316 7419947 184193275 3932523571
                                       1676955624 447089562 2246011606
                                       2250349401 739775440 375418269
                                       2532189875 3663694471 2142940867
                                       2807896774 2316829626 3033340718
                                       1156872432 4144000163 1838272637
                                       3101883573 993836314 3297456466
                                       980869001 2501431957 4156780607
                                       3140751688 3741149509 3453952609
                                       820157711 645200535 4289754091 806038065
                                       1768523417 1469805465 2477356149
                                       2877836021 966599500 2405342228
                                       725215568 2022550024 3338580388
                                       2644730186 3363329112 1830970027
                                       3170315132 3769223349 2706445542
                                       2761839241 1299065801 3942100943
                                       1703812304 1246154160 2225078622
                                       1270595254 2954500805 2634467666
                                       2390263594 3200014249 3384358613
                                       4293837627 3341496814 2637659570
                                       1257592759 2469263126 3283892542
                                       4257675395 2202756910 260407187
                                       3888925252 913559381 2434236585
                                       1555954945 773692396 780982412
                                       1985406413 1244568537 746881148
                                       3159763476 2122010307 386463851
                                       1145793161 2966877784 1889280548
                                       333810195 350615669 3560193901 410051801
                                       2419046612 1966052931 428319572
                                       1426672893 2433850607 4043012187
                                       2584944470 3881403474 891430664
                                       3269198020 1239154826 2423860968
                                       350285994 2829659751 2851014878
                                       2450404505 3713435253 1696892338
                                       225913038 3801628656 363285652
                                       2471944070 3493373165 1415529523
                                       1522483733 3413642962 3985742016
                                       1596804382 77543919 574704350 214386997
                                       737681447 1340090025 1939877357
                                       2959145788 764796562 1659770366
                                       1018959086 400009991 3107759042
                                       372374090 3161217577 1022407248
                                       2006583930 2451493440 3579702176
                                       448701877 3436661137 1805431679
                                       1366307852 2435026150 1129202210
                                       2955305830 271136503 1134050465
                                       4183438162 1029202097 958292226
                                       3803481913 1675316445 3629881121
                                       1698070380 1508777613 2897313528
                                       4289361973 3249236072 1142925944
                                       1678622453 3023126989 824498834
                                       2122415777 4099235195 3011010288
                                       1850204401 2163067764 1855669397
                                       1344185886 3936875366 3730051098
                                       1360737854 3127845258 2209788790
                                       3549095859 1816080839 2116777487
                                       166566623 1318274445 3995242018
                                       3027638142 2017904208 2058436855
                                       591417263 2321302000 1848716731
                                       956045415 3025987737 967409628
                                       3363443254 3351304742 902866949
                                       3838236669 1508956453 2076157392
                                       86059572 2605141747 426288878 113410615
                                       3151498812 2698129815 1389393353
                                       1438633124 2634565253 3571793609
                                       3060076168 2587077909 3408027308
                                       3085597101 2090436422 2930716427
                                       794322827 2532328557 3604169584
                                       4117356608 807681831 3130318012
                                       1671826516 3348356139 2271617532
                                       770261706 3056187850 751808772 989751038
                                       712488404 1045553182 3781414797
                                       2430855564 2822549348 3084625003
                                       476034144 4058492991 1985731553
                                       3196089741 1709616711 719584438
                                       771838879 3614344667 3108599052 77102327
                                       3746845711 635686747 113114558)))