#S(RANDOM-STATE :STATE #.(MAKE-ARRAY 627 :ELEMENT-TYPE '(UNSIGNED-BYTE 32)
                                     :INITIAL-CONTENTS
                                     '(0 2567483615 624 2147483648 2182423617
                                       1415528901 139176263 1680862953
                                       972019116 4153312983 639711665 125698927
                                       3253568367 362646697 3768706409
                                       1452478405 32689974 249209072 2330290835
                                       1660578577 4165589 1945958914 506179263
                                       3033718186 1579018921 846992532
                                       633636223 332781563 347398299 35880897
                                       2739306056 2410518658 369516970
                                       654238673 4118867453 1804553336
                                       2464356651 2160844932 1142654263
                                       2774841335 801078347 3157707664
                                       2832896396 213611020 889647748 360041937
                                       295595984 2845282109 1108529517
                                       4182953447 3833292097 3213953937
                                       3394298749 2496956579 3334718839
                                       1036717336 2948511329 1346746234
                                       3345159815 1617994429 3163176463
                                       3588248025 601214868 2749620282
                                       3194630576 473806802 2279939662
                                       1304186242 642403159 3448793607
                                       3889886074 2087113940 1194190504
                                       3083762523 1372859605 3756482378
                                       765447313 3254729796 29644146 1977462646
                                       2172050368 2130751089 1789401173
                                       3937386504 3941655792 218836509
                                       3147689685 3041178558 1515463715
                                       314875384 384071725 1230467958 386547756
                                       1954960952 2021399452 216112862
                                       227733864 3721106572 1862593399
                                       1335522069 1779072146 588149354
                                       2636679143 1778551767 1584093495
                                       4144772558 2734107786 575556987
                                       278856102 1208598031 2491259064
                                       268226699 1120546713 2865583299
                                       1757318553 2663731753 1032131261
                                       3534711439 327947020 3275541658
                                       3872695422 775930305 3356320951
                                       1920360762 1370010906 3990375482
                                       2129635914 3813655050 3416764632
                                       4123385250 3177192805 806092336
                                       2258108506 993533644 4244821253
                                       1112078251 2656023500 2479772539
                                       3055448772 1256577663 427812798
                                       494228357 2553007473 323887114
                                       4181086830 4099788406 1587600440
                                       2925928426 181658994 3842489975
                                       2725337951 1268046217 4006689826
                                       1323800162 2825334254 1949751270
                                       2679367836 1872214378 4156737422
                                       1917822728 2306302650 1994658365
                                       1776473564 1859084602 2062217018
                                       1016465664 491731499 1311751335
                                       2188229951 4270608310 2387482272
                                       1160761937 2939533029 1488394517
                                       3733155140 492408499 1428792491
                                       4041789079 2380681811 234162387
                                       3556233550 4029068758 3605833627
                                       2619350280 2506566129 1456650548
                                       870137265 994097867 1223306112
                                       2176671318 3646988357 347163431
                                       1795587962 692849845 2090799406
                                       1084368153 2946800347 3987718267
                                       3754790296 1202573540 4034698987
                                       3092088155 2203311001 3827334365
                                       4131341389 2770602878 2024739511
                                       3505513118 654290933 3519648688
                                       4268780837 2125941156 2608656366
                                       1428675078 1499387140 3726693859
                                       759551812 3969827805 2216651033
                                       3824417556 1694700809 181761574
                                       2664478746 527984431 3164645736
                                       1005546604 1737780824 3278929712
                                       1294193805 110528478 348969408
                                       3399277734 3395054845 1919995380
                                       1709781864 3442470252 2357903562
                                       1941989971 4071459017 946479675
                                       1744411502 3757673113 2000424114
                                       419384709 326992501 3761341220
                                       3526595744 2743454490 500675860
                                       1741501686 1644903427 1908578169
                                       4082378898 3567047798 3857162570
                                       3518374027 2610056437 80093956
                                       3669192672 1763812759 323877410
                                       2283083558 2473649410 1300480215
                                       4007265708 3913201003 3473785742
                                       303807872 4167822954 56341931 2142586628
                                       1572971826 1982727366 609565451
                                       1136090345 1637305334 1402673727
                                       1129472668 514811441 2733159567
                                       2668897015 2839704708 791945020
                                       3928069528 639965131 2319074821
                                       2398000534 2575193787 4284974797
                                       2041552008 1179640641 541887193
                                       1096177874 3870971901 94035068
                                       1091971288 1522885616 252261240
                                       2721832062 816152751 4079470540
                                       2973521607 320843260 4034137386
                                       3546832285 3346983840 4232055853
                                       2192072374 2100224025 4134311542
                                       2251818706 3890815397 4124477553
                                       2429748936 1687889587 36886455 620134521
                                       3753952863 4068950255 2372378777
                                       171301660 1264281586 1606193241
                                       419443746 3015812713 1018411558
                                       155891471 1892618066 2400785799
                                       3574920907 1229939879 1018272518
                                       195518451 3625247099 528220327
                                       1100868935 3405406448 3949517397
                                       2042916629 611748663 2397909489 73730539
                                       1312466651 2025376772 2369516882
                                       3475065652 2263535231 3008122909
                                       191414703 701609959 2970768590
                                       2496409937 21454263 330880341 3402143851
                                       932039272 41798308 3660844192 3037699188
                                       1644771791 3337763406 1459033737
                                       1910290729 4192200899 1054042437
                                       802223350 515979543 2499705642 847064288
                                       320912598 3175344807 242124592 840378688
                                       1200820833 3924366307 2608556707
                                       1784052544 423779549 2268558564
                                       1718281411 2023624152 1098381682
                                       3151521078 1512700325 3711990721
                                       557720746 2331984832 3305857700
                                       2054728685 3952948587 230392230
                                       3634231074 4026999990 2672005376
                                       3609444566 3838556849 3448441661
                                       1535790084 2050034605 376699463
                                       4146050694 3751012087 4121906470
                                       2015778407 3439712118 2974970042
                                       1195848818 677090113 3901614504
                                       1914784137 3916201092 4023787011
                                       2831417523 2047230479 794485794
                                       2086593768 384068549 3058684106
                                       2472162399 1931523325 3226279714
                                       224317414 2269143241 2220025139
                                       1919210394 2086083284 1184952245
                                       1409445617 4187686498 713383667
                                       508147454 2239115244 143249171
                                       2000292218 1284313570 2407912221
                                       2649912514 3848369931 1316061350
                                       112695080 175245444 927560833 3383766973
                                       272542628 1995548460 2966969096
                                       1617128126 1424320113 4098765278
                                       540547570 1539023428 1449683275
                                       1938392497 993069394 1470018395
                                       2541086853 4245353853 2078254517
                                       3548231774 3572141298 3636481084
                                       925589041 2792547895 1437414867
                                       4284852583 3653851724 1998503722
                                       1817809887 3378698300 2226240180
                                       342852803 3465874557 2305821189
                                       3883398753 2099571200 4242584437
                                       3410337966 4137413999 2277591569
                                       247011018 3537589920 1443690422
                                       2486161740 2916174712 4050493341
                                       162116486 2504028021 2552066767
                                       2266796058 1257365781 2873306941
                                       1099284288 2443214327 984547936
                                       3568219629 2181936234 2411479032
                                       355548855 1231566638 330948078
                                       1679439998 3169923790 4015760756
                                       2054231980 2140021644 2139638162
                                       3043148098 2684352943 977168511
                                       1436203502 861780606 1830195213
                                       1244457288 2693513258 3303804214
                                       2806034405 1184041241 3539708994
                                       1018124261 2693309677 112171241
                                       2020751597 3640963818 2466534248
                                       1634461583 2529317711 3646552442
                                       106799268 3433846497 2376731248
                                       1352439999 487676134 1743424369
                                       3982606551 872207873 2664176653
                                       1941722324 1680229191 3784613472
                                       1263953609 1099341586 3702488080
                                       1140437002 1029826148 2467361044
                                       2380613116 3005361738 905247330
                                       1495025968 1598537906 2919940712
                                       1684546327 3911703896 3422005296
                                       2142437263 1330591167 1324494376
                                       3078498428 1971070094 4046805972
                                       1329769104 1392277842 3325609653
                                       3330946784 486731699 2264271153
                                       3242374378 1693897762 1245413297
                                       965550180 3919147297 4147070899
                                       3618430107 2009278830 1951337849
                                       1914102167 3860533975 3031913324
                                       644961415 2868671926 1376194671
                                       3062303957 3478310981 1918746638
                                       1026542001 553830985 1266640963
                                       1649945700 575740548 2974818685
                                       3368445350 1963735210 3670583193
                                       87572521 4257014764 1665831252
                                       3579530095 1628936779 1454208701
                                       1996391831 1917948012 445167616
                                       1819631577 1804564448 3418489437
                                       2819767564 2620470386 1684909575
                                       1050652353 725416327 1607735873
                                       283229247 3318344772 3064717517
                                       1069764695 3693694683 3747376701
                                       2610191793 3972124701 1873638797
                                       1034606424 320170330 2942630762
                                       1155264278 1540836214 3134191827
                                       871360356)))