#S(RANDOM-STATE :STATE #.(MAKE-ARRAY 627 :ELEMENT-TYPE '(UNSIGNED-BYTE 32)
                                     :INITIAL-CONTENTS
                                     '(0 2567483615 624 2147483648 3498775632
                                       4205291974 3108867643 1060246979
                                       341146263 1449500172 2251399216
                                       3114075724 3403847316 3970358794
                                       1301076831 4047722137 573431510
                                       1637237419 473848773 3690811310
                                       920276333 4236765647 401846419
                                       3556382865 4033825069 1145221035
                                       2739212970 3802307462 2227665545
                                       859698943 2991518802 4086811454
                                       2170861509 1357837305 1719665644
                                       2070935969 310426274 4008317807
                                       1114874035 1056757914 1618254129
                                       1702983133 3554222974 4009912821
                                       131559970 447272727 43029540 2647941879
                                       1527594373 2292181748 3311126428
                                       607522351 675483317 1709044935
                                       2432057284 2773408501 1868850430
                                       2891604056 1162492821 3294348744
                                       2534254008 2683309989 2143510268
                                       1476968171 1922810947 1799865767
                                       4081953629 1191801666 2292205291
                                       2801987151 3608514140 3284478104
                                       1182534275 2607759776 2759388770
                                       2674731186 2398578561 2378629853
                                       1551264904 1040501166 1500036577
                                       115182921 2981195735 3826868381
                                       745258086 101162605 2084783488
                                       1185664459 3253976718 1194164412
                                       2671503677 771874961 699729285
                                       2536637721 911757660 4195928221
                                       3701953194 3347582520 1857034038
                                       2111111368 446755612 106816585
                                       3847449313 2385138616 1937313864
                                       4118000133 781662710 919299658
                                       2126791055 634096401 3778405755
                                       2593897632 2331814507 78839932
                                       2858185243 1374472375 1655031504
                                       369036961 3414279678 3792922817
                                       464435756 1226768195 1550028187
                                       1355932234 3784442534 498182220
                                       1502397517 1349958624 2963021064
                                       2034427463 1696307214 2486554986
                                       3062026553 3653381122 3104523909
                                       2284416602 3250639042 717224073
                                       257545401 2375752685 1771467328
                                       1122717858 2927446372 437712404
                                       2486893946 4063455098 3961460278
                                       3358065246 3370813133 665082359
                                       4224860868 110855157 1990016463
                                       2717682039 1462333464 1249194229
                                       453668090 2253721131 2725539988
                                       3431962166 2004242151 1408744337
                                       1696412434 1768864788 2270006572
                                       764462098 1109215008 4085121447
                                       2701457071 547552979 160013225
                                       1415616980 2044504717 1433486485
                                       3465058818 1548736027 3612721797
                                       3214367798 3070958394 3924137936
                                       2416016551 2415456871 1249077000
                                       4247515218 2353474937 1899365434
                                       2609727853 203133654 282527702 111822301
                                       286485047 326872427 3888524016
                                       2846792913 3556995782 2085331978
                                       1944740647 321219777 2382802806
                                       881172244 2342584720 2296522784
                                       3360791141 1213569426 1215626687
                                       1204213911 1706448179 2960186271
                                       4256088392 3967241031 2869635734
                                       565944077 575997146 866711619 1505636643
                                       1317735581 108979882 2955466317
                                       4071680741 821947151 1302604544
                                       1123102301 1582563254 576331532
                                       3078355297 2502130640 2755069782
                                       160327713 366164248 538363016 941441975
                                       876596490 1162535942 2725655479
                                       260250336 2760244547 1138547644
                                       4200057623 4027657413 2980187675
                                       3420455699 173838843 653999228
                                       1294122529 801784640 3414906167
                                       506497987 4146650180 1880741603
                                       3480900467 2288671255 2868449635
                                       1418750369 2906269426 3067476622
                                       89863090 835295647 2003547458 3274761371
                                       1418724563 3328531600 1130839028
                                       2132760056 1409742710 874479272
                                       3589952906 321473094 3925769959
                                       2716435762 3947064671 1806655844
                                       3811625325 612321878 2893194694
                                       2210440910 3228885499 491881462
                                       183877424 1746322953 344919814
                                       3996272367 4249767090 1333037727
                                       4024967209 224432146 4157783379
                                       2892707392 89538443 3233657549 422123341
                                       3395253899 4122174812 1719107602
                                       953301258 2560500445 2516204686
                                       819051924 2843627909 4070967073
                                       1693661234 804145445 2097883624
                                       1642332984 2721410794 2308306397
                                       1346691289 2171106413 3511646185
                                       694139260 2230302714 1482695908
                                       3301158537 3829609001 385836353
                                       1033448617 2639951191 1848873763
                                       180199448 1306459647 314088937
                                       2873277636 2776974876 1768512561
                                       2353972628 2092561368 3624319802
                                       4290271736 729056280 413607578
                                       2265511207 2112943914 2158760461
                                       2706365831 3882974770 659419792 84586675
                                       751485750 2437909368 1099214332
                                       3291755942 3737769630 3426572589
                                       2094968680 3829027030 2711624215
                                       2029007556 2342681372 2912258577
                                       2040623330 3401237658 540506753 48453588
                                       280366878 1810735179 3487923450
                                       2811945812 3990724853 3139125151
                                       3770495625 2036292771 1147232850
                                       602115557 3200253293 4137230990
                                       2020919422 258649280 642327001
                                       4291263458 4218187562 1432590496
                                       3706989773 3144641812 741186094
                                       2362212806 4293208357 3226916676
                                       581611584 973591927 401818917 1856708908
                                       18589 4097253900 16316527 1421204362
                                       491315421 1502617952 1361923829
                                       3161886632 848814406 1559158181
                                       3219630101 2062508568 455860246
                                       451084993 2842956113 2153785627
                                       2558747445 500833845 3859054569
                                       3791557817 3930565922 3130790794
                                       1469020135 2314668330 1435255985
                                       238682509 1359148508 1116707469
                                       296447586 1246065385 2114889116
                                       4034774215 2941581912 2382122681
                                       1321129981 993832635 2856266954
                                       3351141466 3074197599 2486835536
                                       2907872948 1178297761 955800830
                                       356001865 43999865 2025923247 3208302248
                                       2110436577 2756045970 3324002696
                                       4034908510 3737113641 2744190579
                                       693445031 4084450306 2862147559
                                       1884229435 1292392743 3120276347
                                       917654064 2113245942 884968069
                                       2093071507 3589368316 2530114583
                                       2476912155 837121046 1191833809
                                       4249520506 698272466 308072000
                                       1411074867 1958247896 1773526839
                                       3933026215 840683202 2283478811
                                       3357168378 3744852679 2995118435
                                       186230304 1915288031 1170064430
                                       3057277067 2839924655 3144665188
                                       285505849 4064058821 1965825782
                                       815133745 1102322854 1453369636
                                       3654375044 694453176 248654038
                                       3788677000 2293647923 161955366
                                       4167423489 906618969 1404433755
                                       1569614460 895747586 538260847
                                       2335093369 1937115469 966616861
                                       3306068260 762801498 1513835697
                                       3246111204 2821112660 1795458126
                                       2539246169 3350625719 1226477090
                                       3346207119 1460034739 1995082805
                                       3423774250 652424552 564905670 689944259
                                       440894742 1486168482 3376737280
                                       3507527548 2543666553 343079470 54670246
                                       1639637760 3754771470 199365113
                                       1358377022 1779045688 2849319319
                                       2224108838 3993185039 2859336692
                                       570031488 3279618443 2826908231
                                       707440197 794498405 791069115 3391998634
                                       271176453 1225296045 2565404008
                                       2388598879 2095078697 3229034221
                                       546445460 150403852 1407546471
                                       1189657873 681832823 791970882
                                       3401326459 4014963170 2392352047
                                       1811257949 4179769834 3775984272
                                       1927287347 1686624855 1155030392
                                       4016129159 3715202540 2551402728
                                       1016442293 4049687373 862531737
                                       4199912150 2896338675 2824572080
                                       1602969341 3977127701 3699421172
                                       1415576815 2070368114 1396010629
                                       4053228890 226805642 352879954
                                       2389188412 693189180 30037583 2984720382
                                       3678483112 710486479 2250563786
                                       2074071734 855356 837396990 2746457221
                                       2889404127 632921963 2698545410
                                       3046529509 3565946081 3087891043
                                       1921264070 1230746708 4181346486
                                       3070211592 1688581726 3014766336
                                       2882321889 1381734779 4057376163
                                       1051521089 1194677676 1935271761
                                       1235385932 1278971832 3300439180
                                       2674845488 1173615304 3767651793
                                       543945669 2319123741 2021100697
                                       1437592166 2796672759 1039701786
                                       3957226645 655358368 273194126
                                       4026373589 1350124976 282299847
                                       304064996 3158585384 1741515634
                                       218400210 556465235 2349673653
                                       3193775806 479826724 3848165323
                                       952455027 616825728 1765413210 52033273
                                       3768314745 3533573316)))