#S(RANDOM-STATE :STATE #.(MAKE-ARRAY 627 :ELEMENT-TYPE '(UNSIGNED-BYTE 32)
                                     :INITIAL-CONTENTS
                                     '(0 2567483615 624 2147483648 4208091935
                                       2937138269 927079514 3769801376
                                       4034709002 2531056007 331985930
                                       3627700816 1434205662 2924912547
                                       3809082877 1447592095 2324624171
                                       129298115 1727049845 1189957197
                                       4217326445 1385659351 1500154125
                                       1055896892 1035773676 125842423
                                       1382136955 2270983679 1052124499
                                       3117921024 3809254136 2692425134
                                       3696146607 3001911469 1236099521
                                       442461537 2101920881 1620691203
                                       592388426 3858727274 2344287979
                                       1406228515 1656449297 3251418088
                                       3433361088 4119496150 849906788
                                       1964900809 2960781264 3266119787
                                       347811854 4214943800 1271140130
                                       571220869 662107608 7953711 2510742841
                                       2498883753 711638879 1202499026
                                       2257182350 4193078710 91305822
                                       2404255145 2663956566 2088519100
                                       1386424278 3048251858 80398896 897314191
                                       626838854 939684799 1404907323
                                       2814064893 3781512149 3073556822
                                       685088177 605594048 1185848082
                                       4218789599 3167817768 210874250
                                       121485647 2641011951 2416372767 96426308
                                       3335392320 4044555460 447059477
                                       3645891572 1898329371 657487306
                                       1552858820 3392820348 597823872
                                       2204800868 4173844530 3221910749
                                       1220965854 2817567594 518518580
                                       1341764974 2922981358 3438476682
                                       1487195975 2081567330 1995409234
                                       1635648152 357061484 3468152087
                                       3486893274 4054970928 987779635
                                       3375365056 3858591180 2050119223
                                       2481893274 206914743 1723006746
                                       2504341106 2051312533 4111999031
                                       1693813744 2780733503 881670291
                                       158778081 379629355 2562749754
                                       2945250889 1305249776 3329710157
                                       2958389885 335471098 4043934153
                                       3221027569 2012255738 2802876854
                                       1920405729 257719861 704842517
                                       1166674058 3806425302 137304574
                                       3946368502 1984580289 116404311
                                       442255023 1103838721 993638052
                                       3197840485 1549290082 1900208779
                                       1995884392 2052347856 2683134294
                                       393624169 3371551383 1255386613
                                       1403310093 1429686095 1674257645
                                       4031949870 1696703666 1657008245
                                       2671575260 3087012685 70180566 136594429
                                       104408433 1704544201 2885274733
                                       3689553062 2909859453 1665371738
                                       456413600 834671019 1340318959 823253337
                                       2257138987 1498680833 1367253806
                                       2725649921 24486084 1231703965
                                       1487217626 5398863 1057241066 862432742
                                       2427995591 3419338277 1516127946
                                       1493555427 3277844225 2523050545
                                       3778023811 3307527246 3876388226
                                       2524688479 1427231793 3972747404
                                       1763386725 3398733349 3358442918
                                       237411797 2339873216 2585672281
                                       2437007647 2123530029 1281899218
                                       1920316866 2200709556 452701292
                                       4071732236 63047473 3617061951
                                       1453685694 2099163252 3610028211
                                       1156221208 1024455875 347771748
                                       2962027536 2338252100 3419336728
                                       3351291906 163239804 2963012947
                                       1719163746 3196691501 1044483637
                                       3854428354 224877021 1236829807
                                       4173192100 707436479 3827250108
                                       1379105713 2792358028 2264922527
                                       3322007418 1093642200 272873683
                                       3748126308 1616071391 3609012095
                                       622738338 2952990173 3164508489
                                       821213473 3423254454 3183403178
                                       3591822901 3649385594 340341349
                                       3608971964 3882819677 316286043
                                       3807358102 3274930276 2607461462
                                       396673654 2662834045 346061910
                                       3253065202 693012457 2672067458 24494460
                                       3913216983 3007017452 1680124766
                                       1859908528 793515726 2021934120
                                       136574860 1094751404 2717166349
                                       1645301545 394332228 294179033
                                       4245208676 3022753637 1436807299
                                       221182188 2569039247 2652083811
                                       2150202519 3618554932 4123233221
                                       1201283385 1172714906 1745139318
                                       2564026230 4077675855 2449227120
                                       4237252465 3029795893 2431331981
                                       3451464303 453592475 3104323970
                                       4139838700 548559387 4234940207
                                       1091477909 1379860502 1276401964
                                       3995378903 2640697152 1373776974
                                       3401531334 2337217968 2127857138
                                       2088488575 3391694984 797624987
                                       1347703464 3499329898 3842869004
                                       748066587 734683405 3639693427
                                       3538455485 1275275578 2760111329
                                       1780582408 63719671 2330879984
                                       1279859357 2768629369 1679095886
                                       830930612 4253899896 3033821424
                                       3949156564 4213121316 3885739228
                                       703733186 2835042158 2314091271
                                       1261078522 3026153326 3185512879
                                       2309548205 3808721459 3230516586
                                       2274088118 1590062828 2052452030
                                       3045249815 2400879367 3464342518
                                       403916414 331166811 2782106556 627862527
                                       3696530101 1625011287 499727842
                                       3974520303 927946695 2723798146
                                       521465993 727077587 1951211149 169114102
                                       1205435769 2250474161 3567510654
                                       2392430378 304072218 2729901208
                                       2540657775 1697283053 368754432
                                       2522023626 4194377558 1420129501
                                       1682873000 3803939900 3670193297
                                       206211094 956552774 1996412499 589715542
                                       3610129945 402948899 412033284
                                       3822475072 2698892162 3535438159
                                       3097392449 3941743959 3230562331
                                       1080632831 648755052 64943817 3957960024
                                       3641021792 3701474432 3410415803
                                       863444430 585601075 4250510829 615067793
                                       3948612746 238946 2127192620 553468154
                                       2298199770 794351866 1919374983
                                       2556678418 2712738444 854641928
                                       3078473700 384931816 446291183
                                       1067590077 3672173499 3323143504
                                       666711006 1737358234 61542653 3476046286
                                       879569273 4092631538 4141894437
                                       2794903314 4030241378 3534946995
                                       1886559868 3137356030 439481629
                                       499546763 555794481 2572342693
                                       3000485240 2556149631 767457467
                                       1654468602 643496796 3515030333
                                       4093338808 572955866 533074567
                                       2357449040 4030769443 1711475025
                                       1244140983 2058155876 3235780655
                                       2689373157 901158581 644706912
                                       4281973326 641023168 1598091076
                                       3525834354 2355472309 868845067
                                       3754322948 3664418051 749035854
                                       2061692261 2610567153 1969484307
                                       1727258622 4049159231 690865271
                                       2305286186 937801742 4238949234
                                       2844140862 2515278088 2727895165
                                       2955946797 3836287923 1346853589
                                       3130923238 506155818 828629219
                                       2695537572 1281035393 2713176848
                                       2327052431 3631437162 4229804016
                                       564133596 2048334000 3942802490
                                       2513343884 3776208364 2591506062
                                       2892336558 3947101100 2066092501
                                       895939661 1417368325 1043950617
                                       2935712067 1741502522 1980158327
                                       2436257352 2860582987 503029857
                                       1752032775 581185311 4184464429
                                       3954362405 2524301309 426924949
                                       3649894066 2844040219 421834167
                                       3839004564 3619270446 1815605935
                                       4055847098 2250339018 3462106402
                                       4092428770 2465026022 2201659179
                                       1740928984 3002543504 3317035620
                                       1602814099 3819815329 2601044758
                                       1047728579 4126162339 3313604528
                                       1702558776 375333431 615079086
                                       1356783161 968017590 2435459205
                                       2382288134 3615785300 1785950398
                                       1354454807 1884974606 2973407470
                                       3186367689 2308031056 2573333919
                                       1837273284 2421707779 1003418427
                                       1131107242 2598579887 3384805319
                                       1588331551 1092766374 3505586980
                                       487648556 2848246798 2081467687
                                       123552324 42238939 3128018275 1162678160
                                       1116868532 2579115876 1387951475
                                       3539328139 2549486702 703860884
                                       1493179534 2233574497 3694254361
                                       602610262 1756957267 2116876495
                                       343990398 3801037383 993283024 175220374
                                       3229029247 479282248 1917156253
                                       1420782132 170053958 345531734 795712551
                                       1249126198 3824909345 3957262388
                                       3949405712 2397820871 1863726398
                                       2776923242 3628471105 770562827
                                       122617585 1122244683 3535719059 66807222
                                       1561338670 1389555105 589619980
                                       706058205 990421121 4074536069
                                       2184409563 1012952887 3360740589
                                       3055932843 1281406700 3085436976
                                       1864359607 3230583085 2287066788
                                       1104554038 2949749506 1195494132
                                       1622927558 1820223415 664524130
                                       3186310569 1594456570 2329077141
                                       2376551013 683200581 122902514
                                       2543376584)))