#S(RANDOM-STATE :STATE #.(MAKE-ARRAY 627 :ELEMENT-TYPE '(UNSIGNED-BYTE 32)
                                     :INITIAL-CONTENTS
                                     '(0 2567483615 624 2147483648 3326390166
                                       3023495478 4248810345 2913514543
                                       31822717 636222627 2040189621 389439555
                                       1827876820 3839462219 3507068980
                                       1652397287 1417437162 1053567452
                                       2102902074 3310973082 2144205090
                                       113774912 585658622 1581482895 577567919
                                       743874791 3117633519 3799159735
                                       301959674 2515247740 109422404 204455256
                                       2208678241 3297391250 167260729
                                       889379088 3691234090 3278972516
                                       2892352137 4153769026 2875513824
                                       3358215483 982106961 2024827303
                                       3922872300 1269597861 2754879338
                                       318126122 3590268853 2236136488 27397826
                                       1917709156 168568587 988023126
                                       3809331573 130201452 2165529348
                                       907865954 18085672 69421906 3306076467
                                       2853474768 3419500451 2409982813
                                       2964140286 3297311646 1564196149
                                       2605316810 1967147884 593685306
                                       3266798033 3732150572 4076248115
                                       267006059 476415742 3414747304
                                       3709957817 683204089 1730427785
                                       2552518145 3770311015 4006731422
                                       4218584206 441854181 1418144495
                                       4189233413 130022086 1248581378
                                       2756958155 4234777088 2126776527
                                       3828859579 2203301117 2711446243
                                       413720917 3862323213 5554049 3547197171
                                       640001359 2859686801 834828001
                                       4066306171 3644714371 1494434030
                                       320007019 2168520714 854570647
                                       2686446628 2270733663 2856670551
                                       2974022166 1377803653 1148834033
                                       2886552872 3866371840 1765790593
                                       2879570998 2943749274 2686594984
                                       2114910895 616068418 406377018 616705787
                                       3434273777 2622520657 4124949816
                                       981581759 3292385444 3504235905
                                       335540893 1055887991 2947130335
                                       1578854565 2554206999 2830926899
                                       908452741 3061948355 2949034608
                                       3469171508 1806172664 3250909747
                                       1519947932 2255896529 4258033273
                                       2977503864 288320828 3621572206
                                       254153913 2182764415 401689572 284604046
                                       39935199 138833980 2199041513 764835578
                                       2944934373 2374710475 4058765320
                                       2441418527 553041660 3029251976
                                       198178853 4208332213 2827094707
                                       1618613112 5284765 1421993144 1370212384
                                       3954314802 3564854164 710729161
                                       706968498 1180421732 4139055038
                                       3188535952 1761525331 2748917867
                                       2364422289 160102639 1357877835
                                       2449679360 105740488 2415477055
                                       3822496220 2938649369 2838448797
                                       2514438548 774392282 2215123850
                                       2944025817 3021844817 3972260623
                                       949349702 1277530400 3018827237
                                       3655236914 158180020 4009679107
                                       849739529 4028906595 4074241515
                                       1100836677 91088791 4200966340
                                       2354680201 1049788573 527024579
                                       3973648719 29936154 4145168363
                                       2472416231 3716910229 4087466282
                                       1406004964 890848234 1351997556
                                       1121877191 3776825414 784220857
                                       959706482 2632579287 3244078868
                                       958196136 3865192864 1601342754
                                       770686460 3049627883 809065490 203844379
                                       2133845662 1117577917 3387245868
                                       2978145244 900725575 832082952
                                       1921952161 2476832780 208880100
                                       2607696840 1968117558 1825821302
                                       1508677702 3608136872 2286146169
                                       4036960067 2436126382 3721617094
                                       1355184779 3930431386 3498625586
                                       1621523994 3315724121 417411844 42991672
                                       3394779228 1488699817 2717438343
                                       3930674575 4039005314 2742117468
                                       2264848643 2375567945 2983954080
                                       1480120982 4272484338 3923619051
                                       2153043631 3942000805 2765425880
                                       3955159489 2625133334 2607225713
                                       839193242 3758402643 2937047054
                                       448575544 1144210530 2774123385
                                       3435858530 1709752927 1750475102
                                       347508297 3940598230 1943802891
                                       3747716526 2317151144 1490503218
                                       2525565309 616155673 4226330638
                                       1074269486 4157903405 2925494841
                                       4220333278 2341773130 98986480 157534687
                                       2348599560 700980957 1605248113
                                       566552781 335161418 1385559317
                                       3852202639 1823609252 1643379736
                                       1929909015 1724828652 2458787121
                                       532534847 100381293 1513419339
                                       1085864537 142840558 886382760
                                       1683269675 3272783572 785675733
                                       686622021 2463192547 705690056
                                       2768833390 1536792386 633540044
                                       3449220496 3555651223 2118547305
                                       2548119518 782239870 4283333173
                                       3688980755 1206891720 1630895894
                                       2963849946 847420640 3023655589
                                       2641383032 428214632 2967349306
                                       2692842890 510035840 2399721800
                                       406292724 1594009978 3261015265
                                       180101875 1251436428 1289907455
                                       2740543333 54476940 351848066 3956216859
                                       4228316455 954836499 1434709755
                                       2310054534 2549880622 3279978366
                                       3646927533 810593225 1732990220
                                       1134585867 620519202 960108161
                                       2397491267 3222927213 1485378889
                                       1493408491 1760895111 797608655
                                       666974273 3746330571 3776347147
                                       1408551405 1699718366 102200911
                                       106548669 3019523713 4254827878
                                       2438408849 157569460 554205320 92470428
                                       4173756360 2031092918 3232883760
                                       3652505181 3762823891 1092987302
                                       4263961027 2923642235 668668406
                                       2982558873 1683311584 777707595
                                       2464223364 1693973716 5924573 3032418154
                                       3655254067 2073443059 2651618614
                                       4290091939 2592361949 1856188852
                                       1299186621 1206435034 1809054342
                                       541028287 1565943362 1568899374
                                       3308228883 2808604272 3165397861
                                       3630397271 344834836 374392456 805156150
                                       4074787504 2458275861 1621695372
                                       988239491 3911651610 1508303338
                                       1323563666 1385219439 276735276
                                       3856534215 674106551 343200953
                                       2994325792 499054978 2954272222
                                       387645871 3537789600 836842519
                                       3644569896 2165372078 3408362811
                                       2809999653 191440344 618576360
                                       2224097083 1215879325 4245316188
                                       3667054280 3388844838 910034798
                                       2569783909 2448848998 3255323998
                                       886781817 3961421406 1327965118
                                       2880387367 69835870 2697985754
                                       3540678476 3665903397 2259816671
                                       4211018156 2245794806 2067341358
                                       2444310250 1934733738 1090896614
                                       1509111036 743036860 2009578645
                                       2897157420 16743824 1857451341
                                       3649683591 3766618887 1175457427
                                       3843407633 260334241 4015435064
                                       2746417244 938504302 762322993 487671143
                                       325652186 1149984326 4107051274
                                       1079355374 4155257773 3457700327
                                       4245043263 4213950049 3384655519
                                       2034371032 2713711474 4199175327
                                       3532863930 295428911 1779065895
                                       760490234 3436240715 1676532702
                                       1935511476 3842126481 111773008
                                       2935195966 2452118805 2394001454
                                       1373043777 3098178607 3562977894
                                       1504398636 1702127946 3311381879
                                       3674434070 3505579449 4164754089
                                       3776822935 2891897107 3062596659
                                       2589269981 21659822 2178314542 790240588
                                       3118207452 1760343980 1608991886
                                       3116734790 3851844434 3059079595
                                       4163928095 2220957081 1243656468
                                       169996290 4157887849 4099131622
                                       2507651533 3990531211 545106825
                                       3185508326 998278689 323667597
                                       1353661986 2857036440 1924357314
                                       4257694702 172980373 1627078824
                                       1416365705 2459947211 2930205700
                                       208939780 2659355307 195952480
                                       1926561240 3334458009 3660319171
                                       1933561007 3470054999 3727562768
                                       2290480859 2195074457 1305994371
                                       2355364853 427432644 1730074005
                                       311388592 2316863165 1924478801
                                       2229491541 3414715916 3431934641
                                       3271749740 3292821305 537690129
                                       1447157196 4093061259 3281564561
                                       2179121443 2907089989 1998304650
                                       1520853002 2171927622 3575092406
                                       3526196944 532974694 1662523281
                                       3904132256 2943961887 944903186
                                       559787628 868608861 3701316934
                                       2505742893 3915917545 1334950633
                                       702762382 100536703 1185440264 326723802
                                       2057821890 1633816513 2392129088
                                       290603694 12766309 563359059 3931592030
                                       1670269971 2799662207 2840003647
                                       3613738493 1583286348 1388871906
                                       2395608902 3027335711 3327602167
                                       716362738 1336217370 2676700978
                                       510905138 4213064463 2779782323
                                       2945646714 667861558 2645623245
                                       3277346700 2502857238 3012029008
                                       306689549)))