#S(RANDOM-STATE :STATE #.(MAKE-ARRAY 627 :ELEMENT-TYPE '(UNSIGNED-BYTE 32)
                                     :INITIAL-CONTENTS
                                     '(0 2567483615 624 2147483648 2044135385
                                       3170829345 3508543620 1507314725
                                       1596119997 3003987549 2867180536
                                       387233216 2033575791 377226276 316876854
                                       3159276933 2410790535 3200147367
                                       1007397913 580151838 3083758668
                                       1469476383 984080795 2327040798 83252481
                                       18553962 117774413 3334631887 3350909582
                                       1079134004 1052124104 94095739
                                       3863407535 1789927585 4126942133
                                       1243404474 3589634633 774561775
                                       2021238447 3660615532 2475919443
                                       127180618 3715479569 3373663432
                                       1041034465 4149940030 1180662371
                                       2829128088 3559336791 3527953874
                                       504177962 84886915 2577443332 1896886465
                                       1596109052 1548139972 2625315068
                                       1113449642 4245434938 3899361940
                                       2429211459 3606411188 1901056382
                                       1145570353 3512088046 1099381052
                                       2778396491 190448060 3235284888
                                       2165045621 1802476106 828181221
                                       1241167935 1102986381 726885016
                                       2753632672 3493540463 2871151923
                                       3091772207 2093739791 471346849 68015065
                                       1990500362 128117727 142077817
                                       3018279992 284495372 1913513588
                                       4024460778 2763941745 3500323854
                                       1853049678 3768986413 2854720977
                                       4044969345 638336782 2324167523
                                       1984530442 4116979863 3927246657
                                       2049095823 3634877043 1218389279
                                       2180613835 334154663 1094636105
                                       1024695684 1107583878 3486584447
                                       882678643 58337315 2695037662 3891667329
                                       121940618 4122773374 905872418 704378847
                                       3867492184 779498956 1209781740
                                       2891549816 301175929 3743465027
                                       606931258 3959678221 1275205352
                                       514558614 1032933838 3218077977
                                       3657592276 1420227364 602180325
                                       2818185119 457846865 1900894282
                                       2675886236 282052791 1786448277
                                       2776320135 112160069 1701059513
                                       3364080379 687299043 1351747118
                                       2569617543 56265110 370242447 1168651740
                                       664141885 75655839 1781084449 2954900380
                                       3545204179 269987001 2571003696
                                       310191926 1295979878 318974316
                                       2034797221 807785433 152735187
                                       1107500977 1172199439 2963911092
                                       3633706971 1525921080 1717370952
                                       1259520455 2399357284 3807940120
                                       4166079777 467631395 4226417783
                                       1081077081 648589783 3254895521
                                       1412040475 4144199965 1985310660
                                       1125505223 2162545159 2831650813
                                       4006612523 2435588394 172804091
                                       1073017884 826863413 1704878250
                                       1577486282 941341829 616323363 814709338
                                       1745958030 1557888228 996605940
                                       716150231 1885383029 2566714256
                                       2939337163 1165268308 3089572860
                                       1400967918 1346921594 3918309884
                                       3799431657 324960934 3580568132
                                       500710382 667555161 505862975 427717105
                                       2814184471 2441536309 252416604
                                       265832874 148903103 2354590245
                                       3814443333 1925230267 2830855259
                                       139527380 2522959834 1426816159
                                       2636097055 3351259777 2855495254
                                       3790316552 3467988019 3208934214
                                       1515668669 2295860602 2674641463
                                       2314530115 2072373919 2006250242
                                       937148343 312177700 3008603295
                                       1470498411 4143690780 4021969482
                                       1093020594 57424425 1197292573
                                       3015668303 3634111093 1358448174
                                       2390949208 1963097655 1966836896
                                       2706829100 3545716112 1046636067
                                       2402831964 3530709528 4272422012
                                       1591411787 3403334809 3539771805
                                       996924270 3732641388 1343329970
                                       4184935461 936060579 4077531831
                                       1167121065 2064017539 2342465918
                                       1826277209 661841461 1526027319
                                       1316727643 4242972929 1075575605
                                       4080761886 2707344813 1067681272
                                       1004011535 700178731 1866214350
                                       965490098 3289666070 4088228722
                                       2222185042 1584467684 3176150091
                                       290476447 2101527552 4089431599
                                       3663454635 1241323258 2180649622
                                       4057278210 4171867946 2892263200
                                       4115377069 1083084300 3103207603
                                       850349152 1634398571 3209224476
                                       2531936939 3525447181 284867533
                                       2132924402 1880008466 3879690704
                                       2425930102 1566549683 2483896996
                                       1336978886 1994030922 4123757368
                                       3173461796 4264416668 3815763142
                                       237543376 3210588907 434602012
                                       1731293300 2477677616 2938937932
                                       3848590795 1634574788 3021430600
                                       4007330496 1202851277 2916234751
                                       1465138641 276944588 2811536091
                                       2916214985 1911182353 2079279365
                                       4269881491 3793858406 4294833226
                                       645856429 1294019124 2881168632
                                       3593063350 868278180 2340583136
                                       3548955112 3473894516 3210327375
                                       3674992922 86322089 1199344110
                                       2560639841 1149459662 219516680
                                       905568459 245132955 1978563077 250203992
                                       138890975 222264550 2306259589
                                       3817869033 825405286 739894828 126548169
                                       3978869710 600295522 2587944713
                                       3491559001 2202503248 1881700265
                                       2633058636 3140760870 2557583585
                                       2629960461 340338831 3144403043
                                       380599845 2478194227 3392192904
                                       2673154936 1662069565 2283909901
                                       3234703375 2933558947 3584598716
                                       190645903 3209463936 2650303154
                                       1397842847 3517251862 1523944991
                                       4047168098 2063392573 3480177819
                                       3232971916 3640675831 3602094469
                                       1782937715 1093998861 2656368993
                                       4028461490 2364136329 1523025297
                                       1762503483 180512153 132327386
                                       1784379836 4237117072 1123448075
                                       3000433216 2632501243 4242987576
                                       4237651931 2051252520 3977545978
                                       1759452257 2288774258 1002542198
                                       2249716963 1409573416 2774110788
                                       4124603123 324759216 733958367
                                       1165180709 3868141742 1963347171
                                       1226903810 1247919194 981679961
                                       1264240016 2661473307 3135447064
                                       455280847 1355474717 2434886804
                                       1538020330 2286817526 2166477077
                                       373754139 3699191957 2447296576
                                       130186118 3280116117 476897801
                                       4081599213 2449634343 1392845346
                                       3206874657 3601329271 4269217497
                                       876419299 1211107494 2758679063
                                       787001907 45196662 1356451497 159196902
                                       909846475 546839503 1297728871
                                       2955454523 3164798916 2282500991
                                       162256024 1406836435 1634681207
                                       2115115756 2772743026 2521278719
                                       1020537903 3613029188 2270088189
                                       1830236874 3107106526 2431590109
                                       2115579619 701313430 3612490233
                                       3190788641 3002271876 1078760548
                                       124998080 441556385 4034893909
                                       4008303937 1186417133 2738030624
                                       4095956778 1036038878 3465109651
                                       1329376857 378862249 1060300914
                                       566035741 3837067378 267105180
                                       3414739130 475591493 2973804042
                                       2382220581 1890676709 1327740659
                                       4248101140 3874048901 689727426
                                       3375839300 2108007707 3090792214
                                       4101145346 675301436 3964960527
                                       1034396437 4008415340 3405210289
                                       906351407 1907864886 2772660749
                                       3006139643 4230589679 3027431663
                                       2422460423 729034933 85746083 1258448935
                                       977824338 2086522558 3459996878
                                       2594464851 4147912957 1558369219
                                       2968713475 2650186229 965676781
                                       2839965971 3914332219 1068236050
                                       1440598601 580832694 2855755049
                                       2507711525 710786767 3319370774
                                       3743109633 427617179 1395412979
                                       310401682 1985893665 574037904
                                       2925185590 2916750146 3889842337
                                       613941904 2214548936 286724984
                                       3332035771 2431804278 13416213
                                       1959774022 486777167 1702902691
                                       4215743129 3085421608 3704244399
                                       1996696651 3176677129 2125388312
                                       883825400 446186547 1572152915 179040219
                                       3362746791 3729221936 3112798235
                                       3057842549 3973254639 1396636871
                                       558431681 3010622688 2607655451
                                       664058762 1040233935 2139982672
                                       3431347999 315425364 968753016
                                       3014220415 1431510391 179648272
                                       2346190868 3131519816 53889916 709784686
                                       2944412863 1266313456 1492426861
                                       2377814054 2622944244 3595747071
                                       2878185512 866381659 3734391626
                                       3298063179 867556998 387900797
                                       1481717701 4051170190 2962791455
                                       967287496 3553313182 117500056 40204193
                                       1457795907 659095369 4257475425
                                       4097759710 3098421741 476235374
                                       2960879093 4074621345 540853504
                                       3454685459 727758832 445721676
                                       3489100610 3228849094 3053916715
                                       4182491660)))