#S(RANDOM-STATE :STATE #.(MAKE-ARRAY 627 :ELEMENT-TYPE '(UNSIGNED-BYTE 32)
                                     :INITIAL-CONTENTS
                                     '(0 2567483615 624 2147483648 1815748996
                                       3473061677 3090282768 2730304733
                                       2882838731 1142534087 970663120
                                       2902421179 1824788053 1675112072
                                       58670302 2734245274 3876091591
                                       2229426875 2115738295 3361729447
                                       1227262401 3717230074 1790443531
                                       431769192 145615824 16058431 3263460806
                                       2176684223 2670937742 3331821382
                                       2741986222 3009664853 2996556401
                                       768354861 1816579051 392103966
                                       3759194980 2290203674 2099305491
                                       3139034918 552052450 3899909547
                                       3041394508 2714154625 3824549432
                                       2146810243 224482797 2845698223
                                       1125332710 2491595311 1168514470
                                       902145553 2744315086 2289327354
                                       491871329 2510373979 3993134372
                                       3753470743 2652442565 1353254904
                                       2127071773 448118178 669729937
                                       1723046411 3191655580 337850713
                                       4240839551 3692710315 3414788422
                                       1889626579 591969672 1437793705
                                       2157256122 130272091 2098331915
                                       2320878325 963740739 1876959848
                                       918605518 701239413 4256627706
                                       2213208651 1256676342 3016889305
                                       4280360792 2523183236 4005137032
                                       2157559857 179077840 570233561
                                       2027819518 2543217628 3229953051
                                       2333997514 283543481 2766474094
                                       682224289 119908067 3808553730
                                       2773099048 3564880977 1041402223
                                       3786863519 3632220616 2767995258
                                       763328151 2887826817 871646423
                                       1257376729 2260954263 2495308378
                                       2492690774 3788734808 538429089
                                       2367852275 1598180787 2239343875
                                       2467092883 1036586609 3220785739
                                       385118341 4174654956 3818787155
                                       682008852 316569187 2085044338
                                       4118242723 2410062624 2502235354
                                       1849857412 1454691261 950334122
                                       1712009346 474259115 1892898345
                                       260966734 994621458 3528704886 403950561
                                       556630141 101159731 1049775081
                                       1355224557 1351436060 2356060765
                                       2960240494 1964480531 1232394574
                                       281712951 2218166775 3612962534
                                       929772362 3280216976 2321762069
                                       2006371989 1894291554 98847261 802864647
                                       3748105901 2058070916 2434489580
                                       2126056726 920277523 1137737750 87576018
                                       3221418685 260243339 3345778587
                                       4220085239 231898478 756770219
                                       3446689031 678304923 381396412
                                       2122238616 3095144686 4103648092
                                       1168169895 3568027240 2067725288
                                       146834643 3179132190 1150736521
                                       755643574 239968944 1069329778
                                       2603256022 3311738371 2893666287
                                       2025704538 296188266 3051441474
                                       1633690525 3159106280 1198734174
                                       657288707 640435140 2735897458 580862254
                                       2978757010 2045992521 926647719
                                       3921095313 1792597459 1972506756
                                       3528498821 1513679554 3715687499
                                       255330840 2014262065 3289891088
                                       1691250134 2560382639 2193348011
                                       1487573055 3585997588 307150442
                                       3589908921 1952532403 534072806
                                       660470265 2080760229 1358252201
                                       2071426560 2102312969 2276469595
                                       3984329675 4236204033 1111388788
                                       3045203270 849301646 838245770
                                       3767642068 2009394071 3434263431
                                       2086053532 1184838269 806325753
                                       2464995954 358964085 2982710818
                                       1577731368 2876384930 1416140691
                                       3778785907 1558912914 419595505
                                       1380982368 2763870131 1801671799
                                       899239526 43564380 2532320520 340104491
                                       3954107464 2686297073 4033186988
                                       2194574032 49635829 2728114602
                                       1390325277 1771934016 39300978
                                       2935214453 648501775 3536811318
                                       2135208544 1244573979 1526123307
                                       3878470755 4116295345 2655830554
                                       90580869 834834827 2704981306 2574497337
                                       2418717634 1924961238 2725004840
                                       2736220017 3556231207 3325642188
                                       1048735027 1297135709 249303634
                                       511015021 164952823 2473775091
                                       3162626862 1166929290 2080850989
                                       3092204113 2322340383 782845235
                                       1997649579 2334583467 779342100
                                       1325017574 4236311469 1033761380
                                       468806509 928647015 796020928 4069917658
                                       849960390 3814669636 2550062425
                                       4213326741 3143321803 1208453590
                                       2438748858 1370164037 457946136
                                       950192469 2972970427 2728653133
                                       2575885838 2293095982 2466550532
                                       1184231911 628475506 1163198744
                                       2825876455 4040936967 2673878760
                                       970312256 4228318966 74651033 27750023
                                       2287501088 3058429654 3354863739
                                       3250533106 544944042 679087027 687033136
                                       3386692825 2363709361 3810320217
                                       1511109209 2729472369 1714206079
                                       2818623523 1063066574 3027281217
                                       3926702083 2979757460 1757914414
                                       3252059243 1219780910 3870135075
                                       786502713 409075404 862547468 3309613341
                                       2359285531 1515639116 4111063437
                                       546452530 2719253564 1226051191
                                       2655617100 1602350578 2333362721
                                       1255187471 1089606042 1349302853
                                       4286834229 156875160 1661056415
                                       2228391146 1779813581 917838055
                                       1535123237 2755837219 3282355663
                                       3644765717 64080030 3356931169
                                       3526589342 1918731554 2888120822
                                       197785741 3798095687 1306851284
                                       2580288954 2934618406 2479382576
                                       2789612050 2636389991 951831096
                                       4275980148 2633649210 2545385266
                                       1417235339 954602862 1746302361
                                       1653656972 736486044 1447230916
                                       2889117355 3186478839 2229167726
                                       3576072137 3479028766 1726213177
                                       1712083049 4226535833 2683258728
                                       3034745766 1546902267 2330316300
                                       3214059878 3673148414 3053501055
                                       3525443950 512329197 2106041998
                                       3659972186 3824880474 1793322459
                                       3642260883 3774873689 2489189639
                                       252203794 1190907381 157610693
                                       2415219048 160216690 4103361519
                                       2698194671 3239292795 1248694047
                                       351569520 1242733261 3316257851
                                       4075582937 3790147116 3457827233
                                       2932309895 1472198099 2836164136
                                       3988723702 3108746064 2936687393
                                       1453563950 3554909198 1917050212
                                       1194734542 2418477196 1393031943
                                       4103003406 3088930060 100820619
                                       3375798721 1922645990 1400564322
                                       267949265 2363399792 3006946711
                                       3038627576 24738346 233884240 1195323548
                                       4018483924 2482815697 1128999140
                                       1554332304 4037550109 521732198
                                       134869954 3015165927 36539547 1623317575
                                       2411970790 695493949 134426522
                                       2624931071 3203538189 1341429036
                                       2915390639 1882225528 3076974007
                                       2137269896 458917368 570650688
                                       4292143570 2724480526 3204139778
                                       2153264752 3137501565 2537799893
                                       4074365216 1243926284 3638693847
                                       2933207240 2451249124 3587682116
                                       234843478 2658313547 1420030332
                                       1842832788 3972473049 1003557958
                                       2294671984 1714379059 3392043515
                                       2066460584 2911273723 4250821941
                                       713014471 32803398 831935674 2816772194
                                       2209422657 1415021813 3152801378
                                       906491914 2734282110 779895460
                                       1566033787 1030441091 989324880
                                       2255927492 3136640182 3877086864
                                       1285120344 3602182478 818952581
                                       1961851354 2317603916 1453089718
                                       739740114 1250861343 888087746
                                       2181038397 4219577300 2896739917
                                       4200643279 2044648531 1598247440
                                       3588871922 3426569777 1218170732
                                       836468753 3026882824 3865470351
                                       2355085124 921109755 730999357
                                       2030411025 1801071232 3522258307
                                       4129412806 3514525740 1023026090
                                       2237459740 2497613940 708948534
                                       248579174 286174552 3126428141
                                       1600417788 799624255 3315254408
                                       3887285598 3760666378 2583059915
                                       4277002725 3938130258 3505192233
                                       1859342483 3103084961 1742745635
                                       3243701997 1059100319 601661658
                                       1885788608 4048846931 2507603019
                                       1236581737 1919169246 2186897143
                                       1295913937 639104340 642234535 787170609
                                       2432856053 1075933846 3085497106
                                       4091979046 3192147216 1552226024
                                       2587357943 1177424071 2977775253
                                       3506238091 1954555425 704872993
                                       690695496 1664627038 4111080417
                                       1954521183 1444631183 2322131171
                                       3368857673 924717093 1758773371
                                       2912456514 1489044058 3767240403
                                       1080868933 3586846406 3740303184
                                       2888070012 2322509531 1972720837
                                       2176061867 1877249436 2186287351
                                       2116320649 1110966722 2145463479
                                       3819843842 3425578430 964966865
                                       713773105)))