#S(RANDOM-STATE :STATE #.(MAKE-ARRAY 627 :ELEMENT-TYPE '(UNSIGNED-BYTE 32)
                                     :INITIAL-CONTENTS
                                     '(0 2567483615 624 2147483648 3620694172
                                       3631983964 335945549 2010759303
                                       699611432 2026446839 3334600358
                                       4102761911 2392754489 3140873200
                                       3029415981 1952344409 3446107029
                                       2479300943 3457824850 1789659700
                                       2246001231 3264227835 3592374542
                                       2692010457 1360190876 580571546
                                       1372645979 2970578274 3462170452
                                       3542318606 1755502391 1911014082
                                       1045067818 2033570211 1764357976
                                       3525057367 747775078 2153005991
                                       168735180 4056695085 1507501995
                                       3616522144 3998708310 1905471516
                                       3107825489 3481362311 1351208410
                                       2685579611 2843499566 1473195386
                                       3722664725 1152711631 3674041856
                                       2263637684 2744706896 3715881387
                                       3905710390 559814858 505843632
                                       2350312616 1436250436 953427502
                                       1722809116 793828393 294700789
                                       2383613104 102459728 2648348942
                                       2314810326 1957571774 2890997599
                                       1974107533 349103980 2652967281
                                       2760039115 4087993832 2710672510
                                       682998314 273355898 3937761262
                                       3382669450 1968685341 3906264750
                                       2991249406 3403283423 911327680
                                       744437499 185342473 749004607 4290291980
                                       3356475388 828834764 598724485 762274758
                                       1561224662 1340766130 3202441075
                                       1465865890 2766004511 1965159122
                                       752870126 3184153003 2501413206
                                       1181340836 1602108648 511424408
                                       2199833035 1967942117 3351225049
                                       2996484309 446107924 681146034
                                       1441414284 1813614364 2322019826
                                       836125781 462370295 3502712769
                                       1640854074 1287549077 731618714
                                       3400687909 3805284848 2443853076
                                       1572684044 3363202552 3558058107
                                       2583607608 1967757441 2817133747
                                       335870689 3637935116 1185685120
                                       3719677477 3703765391 3030569459
                                       3506524081 2487613825 3176115617
                                       2966228452 1703011754 2904529279
                                       1102271967 660649989 3247238884
                                       4015679905 2626131253 2678194637
                                       1317558029 1554221968 3776777027
                                       3466395964 3911709156 2648923266
                                       836632429 3845068384 3537663015
                                       4130585850 357652384 2639920948
                                       271550299 2772851399 1124213505
                                       1091272193 1263247662 2298226094
                                       2837659059 4021875011 912894596
                                       4272001221 3456405147 3878453695
                                       243689147 590398493 925848808 2307893234
                                       3970100791 2357429097 1870248883
                                       1440687078 3701296932 1996805382
                                       1039584171 691749445 1656403506
                                       1585782538 1306285930 2434092048
                                       3917758414 1747620230 1999933263
                                       554731910 1364648579 3954901172
                                       2734416431 3259060531 3959742260
                                       1256620371 4070143908 3049099190
                                       2120713873 2737500061 1982826322
                                       4036559940 4191854492 1935935851
                                       4231847291 3900875248 1068514066
                                       4208032098 2988623714 733760187
                                       259917298 2802926772 3294883595
                                       3695716926 2954384551 1532624536
                                       2276946509 2511015594 2003569358
                                       2375663087 1796610434 1015014812
                                       3792106060 1878691721 3153222655
                                       3809251378 1023154195 4291982257
                                       141783905 1190993356 1254415947
                                       1018312361 938330893 707662038
                                       2706189323 2479262058 3292332578
                                       2222481694 1062422035 736760702
                                       3473866651 3558554852 1858447704
                                       3216679199 233825301 1181751115
                                       327419365 2782360584 1132211083
                                       3383432541 345615487 703360700 224193699
                                       1099050935 3655726307 541709872
                                       146009130 3770440250 1933923892
                                       1833134970 1196081395 2854749599
                                       2488150699 81756985 2871724734
                                       1130050086 3071541149 3873242783
                                       2612438455 1509866692 1198971911
                                       4164999129 2496873750 1169199645
                                       1277391388 1669862694 2854992425
                                       647889783 3183965033 63519832 1681106622
                                       3488633808 2530124029 768751510
                                       3607858193 2670854560 3980866122
                                       1320445822 1342756802 395747791
                                       4005755118 3709366230 3015314624
                                       826746164 708589215 2842337470
                                       3487405940 1399041425 572614121
                                       594573605 3153951125 3719868204
                                       788225623 1017103111 2935880406
                                       1160994426 3618891918 4136380252
                                       3260004785 3089237773 2189625409
                                       3344983741 4188284406 3320716974
                                       67198882 2904082685 3882986223
                                       3185687445 1635201422 2784851767
                                       3362346689 1098953113 4046305568
                                       2164442076 1803545797 101730122
                                       667295713 3718475457 1409111167
                                       3961657044 2333143119 2560742846
                                       3862840374 2089822564 1161943495
                                       2102286585 3986291373 3874838424
                                       3015696760 367662621 2433012506
                                       3902881890 3411989657 3629860801
                                       326908110 719381149 2001314888
                                       4051751250 1237009733 867526149
                                       3141142386 4172228876 2961359785
                                       3533465869 2221908662 4238048296
                                       2187810293 222407931 823515344
                                       1589069209 3377529185 257533050
                                       3528607158 151767482 3616469570
                                       263949020 2250925532 549153509
                                       4256969675 1452246961 1116046523
                                       1854495400 977515192 2204843299
                                       329936912 3140202316 1188890138 31837931
                                       3499001617 2924431712 3158431713
                                       3941008953 1607122569 3974089194
                                       4270387438 2572528830 2653398515
                                       2435347491 2905692252 84872122
                                       3093499118 4293570754 2360253452
                                       1927938342 353193976 2765911099
                                       331253529 3711418422 463035197
                                       2417477468 4233380831 3254424037
                                       785839612 340723077 2445140327 56033067
                                       4049735963 408302263 2787874685
                                       536210533 136017840 3932734817
                                       3366099564 2530171482 3747224114
                                       1981990226 1823299032 3597007762
                                       4240031627 4185153667 947367837
                                       2197432623 2746658335 2788123619
                                       244477220 2797209790 2044821012
                                       2295075511 515612844 3513159361
                                       1312761635 54691176 8555087 3817899796
                                       2616751077 2244372516 490559507
                                       2160615692 3630554917 1608974864
                                       2990553188 691536765 2302739851
                                       717330361 2188598914 1220607167
                                       382643245 3171765344 2739394667
                                       1649562810 4287606180 1466897767
                                       2502038295 2553164246 2511994382
                                       1679825752 2322642631 1041754958
                                       934665818 2882919798 2817399038
                                       1126192809 3822105421 839947545
                                       2105648298 1273262419 2186486035
                                       2995899630 2519416263 1117946728
                                       4000128383 986434396 4047465962
                                       4073565701 2304194595 2823696196
                                       3570669253 882979461 3614096903
                                       1935747516 768878904 758571312 385004101
                                       3939164187 355656729 951561414
                                       3442703022 1487151032 199691037
                                       1267683948 2625463554 3116020700
                                       1363784106 4280103169 3380228979
                                       2565438609 4090375330 3353133112
                                       1912594810 3836856909 738465132
                                       2723927436 4106115084 2672063364
                                       2572606331 3522780838 356716128
                                       3243292914 2469092271 591641091
                                       3486208510 3589874589 1252749210
                                       2472863764 1927422134 2335456621
                                       2471028074 2029066273 2628571641
                                       319875870 1309111616 1617832755
                                       2540880258 842781569 1085020991
                                       3226089647 3012608852 707243250
                                       204127045 1414781145 2341567713
                                       854325661 2795841165 2873045804
                                       2617947764 2836892 2485107425 1584842189
                                       4184124262 2120145952 253392151
                                       2931626307 3298796450 1780417004
                                       2804566160 1479904530 1147107231
                                       643130012 2682812854 1254506715
                                       1901577115 2025321666 2791173791
                                       3973622112 1818577446 1256021326
                                       260146483 1271240975 4136810032
                                       4290388017 2780331454 2692448148
                                       1054081231 3018653499 2228555645
                                       2945240168 216308026 1716375193
                                       2186125369 2344652056 1245628443
                                       1029517450 104570721 2310799895
                                       1106420995 1678452875 1796761134
                                       97911944 614218869 3250140284 3691503894
                                       674977611 629554357 3764731481
                                       3982970226 1293684632 2071143902
                                       614203000 2303792319 3832978551
                                       1811309599 1859207620 3369381729
                                       1256460805 3336962880 6478412 2846144113
                                       897361764 2795107013 3013850328
                                       2364561185 307429144 4128564813
                                       3661683631 507194254 1823587621
                                       1874381373 2758500592 1582820034
                                       2737187825 3553215241 864649758
                                       2551312380 2217239625 1702776825
                                       482554940 1164635039 2798631497
                                       2966675740 3305630165 1692964189
                                       2768186712 3491799091 81038529
                                       3146344119)))