#S(RANDOM-STATE :STATE #.(MAKE-ARRAY 627 :ELEMENT-TYPE '(UNSIGNED-BYTE 32)
                                     :INITIAL-CONTENTS
                                     '(0 2567483615 624 2147483648 2103776086
                                       4224299860 2876590130 3800941036
                                       1764352360 2310307117 3780663101
                                       3486556397 190941671 3902739177
                                       1243512311 3755143444 2232435248
                                       878638510 2749021694 3778791627
                                       3794320381 617509989 2142642906
                                       3385989214 3914326638 2529283847
                                       1973438731 1005728097 2232585708
                                       2050612995 2509842370 1296050538
                                       4049085493 514607639 3543479672
                                       558049452 4071840940 2563970236
                                       3297518717 1053453943 1859652082
                                       985044806 2915889605 2215531349
                                       2619533163 420594043 206193680
                                       3991974218 3960710393 3760243133
                                       4060459404 2363653186 235842295
                                       4242369462 3887402555 306998950
                                       3188204078 408964256 1830521432
                                       2206506147 2493774307 2680881995
                                       961778577 2127843265 1206682771
                                       2709236805 2488628927 2366604795
                                       1632380045 193643541 3872214531
                                       1247642242 2718284182 3292715213
                                       2446813062 3965182163 1891089622
                                       2109610726 2483520975 4191320060
                                       1190171810 3154180259 1746264487
                                       411932066 1057767545 2058750907
                                       4118701725 1846173353 471461119
                                       4001568838 1469431347 2915552252
                                       2580104122 1385363955 3570954757
                                       2643469755 3993455377 575116379
                                       336126266 2903818313 2356065599
                                       3862596874 2047642294 2714170244
                                       31242440 2876363255 3605263188 320322978
                                       1824151124 2163370304 2415523541
                                       220686734 1346209242 1209005039
                                       2454225056 4165745278 2042062015
                                       1299146802 1263950769 3149138310
                                       3389593572 3431751724 1552050359
                                       3339682111 1016298261 1247731268
                                       1044193009 603484604 923408798 401633696
                                       3808712648 787924608 3980369254
                                       524539022 466484412 2062545535
                                       2676555676 3726641767 3324750881
                                       265820039 3563665790 967843988
                                       1817139107 1441753948 2022359936
                                       1963270772 1602068925 3412915617
                                       732058566 1857787695 3492281816
                                       2028267976 2781446321 436703226
                                       4103957911 2134708420 518577400
                                       708276803 2812675439 577290866 750267461
                                       2080379267 1069029609 730346858
                                       1041754349 1923881753 2511471388
                                       601954579 4050995672 234861052
                                       1421763530 4145781356 930749717
                                       3208192125 2342008296 289825695
                                       3139380955 2010083063 825231929
                                       2178791885 2930564271 3815404280
                                       465178557 4286021307 1862592738
                                       2006702747 3690316386 3001868338
                                       2612176605 3712782898 522857341
                                       2887698289 497674830 3500003524
                                       1622746921 1767202738 3190276808
                                       2519545275 586011375 5654412 888164064
                                       668580334 289065485 1344821185
                                       3310226600 2956372981 2298228758
                                       3049153170 1841921280 3852984485
                                       2958440721 1238928549 3889595171
                                       2520823050 3447600356 1081902959
                                       2214283297 3879615567 2788365451
                                       1409676358 1525066869 2347958224
                                       3661590429 3771319859 1390892880
                                       2115156602 2255410195 2595553688
                                       2137670662 3762596421 349621956
                                       3309914187 2395824705 3684764187
                                       2737857091 3586314873 2371639822
                                       1099826232 810975424 3775793032
                                       1086163499 1746219365 160977978
                                       1173835400 907892262 10543235 2632155312
                                       3011238674 2608122750 2023729307
                                       2376075462 3488672276 312564471
                                       1254945847 2659536173 1658969432
                                       255515044 910082582 4275757418
                                       1009060255 2278785696 3486155218
                                       3334555730 899140866 3878081825
                                       3169649417 1891085766 1691871165
                                       4111044716 578229525 252495298
                                       2890171639 3263482378 3719839960
                                       358744051 3597414645 2068947974
                                       528068290 436485444 3212216027
                                       2266573644 639190248 2575197213
                                       4110922313 3450369986 4053456517
                                       2628172608 4286589483 2801583545
                                       1736492867 3707937098 3089528836
                                       134808890 2861008732 3734723010
                                       2792407091 2923969839 1337444070
                                       586267426 4112234373 1202276657
                                       4259971799 4036918930 2664674418
                                       362747008 163436144 380721230 2074547180
                                       2473755606 267369729 383390987
                                       2329900580 2618047895 2367726370
                                       1873149609 3860041147 4249271166
                                       4202367467 3342280432 4096917639
                                       257595255 3687805560 1233384003
                                       745115227 4246247498 1345376876
                                       1733042614 414810489 77986895 4285322200
                                       3652365761 2946916251 1887980336
                                       2521352267 2441521236 1734308223
                                       2662541271 1883504847 872375202
                                       1671832191 641275086 2266107744
                                       1404109249 3550545596 3248510898
                                       3537753944 3484879999 4256876752
                                       191582216 2985778772 1022464076
                                       869351107 602758996 1276417991 684535352
                                       3346719476 3871872236 3213606964
                                       2292011588 1931425574 888063176
                                       797198675 2795575181 1384722530
                                       960948328 1403100164 47420509 653295773
                                       2591025617 2378941205 1818150566
                                       2046348008 4035281684 3345288390
                                       3640339455 3825035611 405597170
                                       2157222812 3758877941 1288691568
                                       1425807388 1885999365 134631182
                                       2475112792 2909127451 276937984
                                       3099232181 1841014494 64587547 29512341
                                       1134903889 2263240679 3359967095
                                       2225876432 2605542540 3547204155
                                       2381824147 60397698 4001223413
                                       3467736542 1597086002 3896372366
                                       1636288255 2505149648 1222754608
                                       4094459048 4169118163 858928434
                                       3741748097 840390487 1591809089
                                       3919589628 1587939664 571057914
                                       2718843619 3913840395 1544256260
                                       3873149211 1319637515 2813033657
                                       3862746400 3704711284 322126186
                                       1289531733 3396774663 1302694099
                                       3135404285 4111393397 487274452
                                       3560298281 1641474163 3379015584
                                       767243237 3396585944 428848067 152207137
                                       423243253 1676477940 1293861072
                                       1932481012 1415869582 707313447
                                       325503414 899925065 1784868385
                                       2026098525 1803735331 349417040
                                       961896803 3576845610 3327319724
                                       656111595 3025758311 976960345
                                       3982575080 2039445515 692981835
                                       297258617 2901860300 2179078060
                                       4189061390 2077418940 1802509142
                                       1389647194 2457175661 2372509697 418663
                                       84438503 2133040966 1793232609 810733615
                                       435621652 3125048333 1207415846
                                       574733790 1490202901 3691703065
                                       3919104570 48698429 2628560288
                                       1619266013 2433441178 1295720444
                                       2117129203 2049918999 3531079557
                                       1722449758 1790364973 3855730806
                                       633359225 159465617 2962098472 565502566
                                       480112252 4245351273 2411389274
                                       3044217309 1376594192 1629694209
                                       299760382 2460716597 725683787
                                       3264604039 802762316 727302716
                                       3127335873 947243389 1014412522
                                       2055310594 2287118024 456714454
                                       3172183328 3779157391 1458739671
                                       3036900591 3687872085 3080664388
                                       740597817 2278338416 1869900170
                                       373233195 3285647117 4242068289
                                       1397067547 1608545307 4083723202
                                       3699265351 4022420421 490794169
                                       257832406 3193924880 2092015040
                                       3533210445 726034077 2714112342
                                       2112921049 4190478448 1567362977
                                       469787904 2905649889 2672783348
                                       3665549757 433010861 1653047804
                                       1885181833 96861603 1335227540
                                       2729893205 1772228718 3513661770
                                       3956669176 1147896947 3101482646
                                       492707360 1283823697 1202491808
                                       3756174648 4079986824 4074729561
                                       1514180217 1389917625 1038444685
                                       3798875861 600809429 4122739300
                                       817515797 2512645355 1189546661
                                       810556922 262207009 2381988858
                                       2529612272 2370110806 4166608321
                                       321664593 1416764137 3362841286
                                       570522477 2811430460 486756205
                                       3686250669 3164244755 1509034105
                                       2592101047 4195325207 223113198
                                       3036528412 4099417076 1248963470
                                       2276574430 1919451264 1736084770
                                       2308395863 3750817571 1280675565
                                       65198004 3569396306 2664143231
                                       2640515638 2287666948 2581507231
                                       945393758 1329042344 2738966812
                                       3936843103 2534282010 902817000
                                       136987639 2843867941 2203626296
                                       1710512728 2577631603 3569799882
                                       4238724716 4003153925 1675598332
                                       3078185596 2107309542 1392561168
                                       768912039 2436817713 1370026676
                                       210387420 2484725146 4248356084
                                       3858001557 1668084759)))