#S(RANDOM-STATE :STATE #.(MAKE-ARRAY 627 :ELEMENT-TYPE '(UNSIGNED-BYTE 32)
                                     :INITIAL-CONTENTS
                                     '(0 2567483615 624 2147483648 3715187441
                                       1696069794 3087518976 2131886209
                                       38246573 3446158551 754489815 741440819
                                       1017310333 1866966619 1194051839
                                       3693163247 3254515898 1247971275
                                       3651475128 417823282 485185956
                                       3961773660 1198991821 942698208
                                       480194644 2747831740 1044743543
                                       2548537255 3052589520 2151211920
                                       528152822 1121179619 1452871142
                                       1299151945 3444403703 2459829216
                                       1394074501 3526562052 3841524184
                                       3406804961 2454039815 1963754347
                                       429841349 2450343216 1166140493
                                       3174445125 3160451288 248577026
                                       840963215 887348790 2263544779 95183216
                                       2989027885 4227613600 657793903
                                       4122145427 4159355900 99975883
                                       1897529404 2509936595 3258527803
                                       2035089227 2695393358 1468407477
                                       4148810190 1168832053 3853274058
                                       3620470309 1708064686 1193860638
                                       2000225483 3187174323 3093443178
                                       871720287 4115488303 3958524649
                                       2909707686 1656072682 204577691
                                       2404363523 3770698330 2333311259
                                       3323845806 317244940 3870067477
                                       459600251 2330640310 359450273
                                       1427731314 3758072844 794885062
                                       864928687 2213854236 561408683 884488114
                                       3656050660 3495190877 4095494093
                                       92447737 2576426314 2320519035
                                       3161807243 2887553695 570086280
                                       3229904104 2122141309 4200808923
                                       2801222265 151384937 286108996
                                       2534628638 3956952884 3033951188
                                       3933289210 794551852 1543201239
                                       3465369755 426140162 2288852532
                                       963036839 1765553717 1335375662
                                       357455206 2267708850 1926714953
                                       3091917762 1658077138 1267246807
                                       4036509447 57939271 1451208664
                                       3847616117 1255908659 3440672285
                                       2018427827 3574310554 861988512
                                       1635624573 3192377807 3794968238
                                       1643326694 1676884776 3722911534
                                       2361829519 2405612969 1747376392
                                       2893448699 2514331539 2370644657
                                       2753968459 752069161 375442490
                                       2304886351 1612991512 1356280147
                                       3851562371 2284162622 2113038180
                                       927165509 4217316578 905870340
                                       4092665218 562704464 272497440 357199240
                                       2581939449 1514296409 4073145477
                                       1337007567 68632502 3397904397
                                       2730468910 849826229 1746032004
                                       1548033024 1871875889 3891665391
                                       3845020527 2010478407 158348724
                                       1764747810 1492206377 1049932735
                                       3980885977 3329139421 3482528535
                                       4215947430 1813482247 1050220336
                                       1734625949 4122953996 3055622920
                                       2332717000 2149740107 1756961216
                                       1957450459 2691223376 3736682640
                                       2775044704 917293972 272581002
                                       1039018133 2272610348 2898563263
                                       3373815174 2966940524 2548112678
                                       13814135 2251283330 3749846772
                                       2599411838 1698313828 3654192093
                                       1103295606 483139096 3702676101
                                       1783309896 2919492539 3323961119
                                       1513403991 3131610486 3912657779
                                       2265124166 613078783 1409960626
                                       2739134881 1324981804 227569375
                                       3372462430 1223970028 3587657634
                                       4212178264 1337167511 887731809
                                       3402046643 4040646360 1228880464
                                       2434638542 600992570 279161419
                                       1147591477 3268883402 3537167563
                                       421786491 2333196854 400720040
                                       1357081095 4291105959 3004550098
                                       2086528575 1069765107 3704314375
                                       3082052781 1395994509 4166990017
                                       1493097873 912524522 1772602378
                                       4190818719 97921169 3199666408
                                       3931867043 3040933815 1384498362
                                       385976732 445820701 3211670805
                                       3358171466 2886650617 489683303
                                       778379557 1555230244 6818341 3616755663
                                       1727520388 2048178522 4140144049
                                       2154919599 2859825850 3400610070
                                       2622993862 1921878964 2240320283
                                       744085736 1831928966 2021623355
                                       144892093 3013023992 3017705198
                                       4160594017 683044257 2735125594
                                       3711196151 3708851392 3160584533
                                       2254026173 613805941 3938432339
                                       2911916490 3785974817 2363540279
                                       899153578 2081944068 3109118910
                                       3275521518 452575536 555715822
                                       1802686110 1266415179 1743428350
                                       3892860720 919683343 1928128014
                                       2332615273 1232163374 1734710022
                                       3582713808 4157841855 4134250074
                                       4030923127 2251482976 3404153489
                                       3762987019 4243147022 3527742764
                                       2119716020 2973608350 1153303173
                                       3837934498 1561995322 2475201993
                                       3642498242 820234393 2629386214
                                       122610813 335712925 1446432515 917903365
                                       1535683659 1525321814 829807634
                                       1117491876 2121941432 3155599549
                                       3777793547 4217556926 1295781539
                                       3661493320 2479178745 2174189765
                                       4237830421 3830925962 260010455
                                       256883315 2712829511 1151150525
                                       2654243941 2503089165 1480946385
                                       582293934 4130748081 3392369311
                                       2470504425 4193481764 3049260224
                                       2669489017 494001815 65100268 2431628420
                                       4280238258 338880770 180969222 115874380
                                       1569647506 3227808605 2524865902
                                       3971288810 1030721976 4221870663
                                       4152196085 359918564 3173789661
                                       2573378407 737795826 3953613159
                                       2283021660 2622542455 1914505620
                                       2043772465 686609229 1790777762
                                       4188506267 2142086867 2631376378
                                       492326194 2683348252 486336903
                                       1110035645 2817766363 2973966423
                                       1787041117 1700929297 2762620853
                                       2814758300 2184587187 1889248975
                                       2848979494 1518266758 2671714921
                                       450728184 1937281434 1837221789
                                       2778937303 859122234 1157356250
                                       4036743263 1079681559 623904837
                                       2424174070 4045790852 2792186960
                                       3597251824 731097440 4137420110
                                       2401209352 3968592899 4146958031
                                       243667742 2340286247 1886118389
                                       2198646374 2159576031 1454507495
                                       2718222607 1643761972 2426818761
                                       1062687110 421421162 226097221
                                       4246052244 2043704253 289429382
                                       2804606164 445421981 1970056922
                                       3533429141 4211677913 2078796891
                                       3430966239 1121658557 2270517593
                                       905690828 1831687078 4270963441
                                       1392688674 3018896030 1762788656
                                       1928184263 1963481648 975161201
                                       1243995481 3905365203 523036791
                                       4260523043 602747816 3232810829
                                       4227079340 2272929306 1633777953
                                       41542223 215252043 3029284018 1446129201
                                       2296414595 970572876 403305686
                                       3691046611 491444413 1957125262
                                       3811335695 1035162406 923119608
                                       3765117405 356528596 3324331248
                                       3923674240 3889041821 3145135795
                                       3693331944 1561578515 115480907
                                       4011513410 3206829974 1011314675
                                       2407193283 3157626711 1475396911
                                       3655230636 103704148 444758135 109915060
                                       1484404635 2720535616 1369093179
                                       4077521981 3613731178 1601648827
                                       754954690 2240345649 754626080
                                       1877182719 4254497115 3654682545
                                       114140254 439557848 430038695 913915038
                                       1837268295 628006303 2938744102
                                       1473490317 3808261114 1165142418
                                       2525112331 320261279 2070540996
                                       2109224041 1742260976 25078273
                                       1937720995 1851372816 1391906313
                                       1119969503 2731410882 3975514465
                                       4026797418 3990760902 1391768448
                                       2093849233 2489927999 3133759490
                                       1020865005 4266573049 5296334 516412598
                                       815497402 1868344216 1389106200
                                       2254547895 3184881339 3876915230
                                       3657288730 2453898800 1405283008
                                       937311912 3512033208 3083035707
                                       2385654365 1411853496 432941279
                                       2826890026 3209986162 3553441385
                                       4215699561 549018438 869915815
                                       4012280373 2304750639 2328568357
                                       726723227 375188603 2116101118
                                       3389019179 3630176399 2698549063
                                       3594801440 1832905835 3332327113
                                       853754895 741968853 3912752639 4615307
                                       1764715394 2951660739 3727504171
                                       2750033492 496570918 948653162
                                       2287007026 511190280 3454013171
                                       3928146444 1130429922 1647882896
                                       599193346 690209124 728188359 2095199936
                                       1376863482 2999147210 929046945
                                       1150019920 3211142526 1875073528
                                       2972256239 2438828589 3796671456
                                       611240094 4225864886 2904914711
                                       1462295074 2302616124 2121170220
                                       1015214299 3886607916 1439571775
                                       633377697 2974749235 1054427199
                                       1238957582 1011246558 2768948491
                                       1025123542 997084147 1843613649
                                       250919186 577281530)))