#S(RANDOM-STATE :STATE #.(MAKE-ARRAY 627 :ELEMENT-TYPE '(UNSIGNED-BYTE 32)
                                     :INITIAL-CONTENTS
                                     '(0 2567483615 624 2147483648 1008026187
                                       2144870633 3203023401 1177676406
                                       2654328843 677759389 3187157385
                                       1808250714 292129699 1714688306
                                       3426054725 899057241 1015553785
                                       1490003558 3084873427 4002711344
                                       3429484255 2315546216 3067205985
                                       3430766109 3697865971 2724737954
                                       3290266863 1945771786 3441119705
                                       1858375644 3669153789 340230801
                                       492658531 490017772 3674319052 268797047
                                       359762412 4172954045 4184631859
                                       2421343827 1264566548 3578251845
                                       4216553132 4200358547 4162455995
                                       2544133566 964865929 1707030330
                                       3799176567 3235445591 4275209412
                                       1448212514 1802970175 1624769755
                                       23492230 1006534559 2817925116 370334917
                                       3924776239 3819502054 799774238
                                       810836589 544459060 4036976859
                                       1600261056 436166777 792899656 326484394
                                       1091225428 4287846627 596396345
                                       2061631299 1088043595 996115892
                                       147546862 1523861565 2615731028
                                       1705657213 3554626970 3393217971
                                       586631814 4083258969 4136260167
                                       1424531476 2602902560 4178435198
                                       3623263424 1304867708 2474875476
                                       2409231102 800415507 929943260
                                       1530531368 1653657128 3381747709
                                       1206034681 3896829229 512033864
                                       2346558423 3764460296 77597129
                                       1271405461 1960307749 2472508213
                                       4215274016 3181440618 978638417
                                       3539150834 2819467138 1193535398
                                       994421197 1847516138 768117516
                                       1782095344 3722454810 139404947
                                       3225726534 1915509032 3668539697
                                       383792845 2391163165 1368210546
                                       1331709054 1528056302 213851209
                                       1876124633 2404779218 1060257466
                                       1016100788 3179301367 1359071825
                                       3873022130 3963143779 4092081053
                                       851792440 1097776129 1653714399
                                       1771779047 3805173771 1332887973
                                       3091120302 1287468089 1996005205
                                       657562968 1660439870 3500455981
                                       3494495624 4124152936 3825573775
                                       2308245686 3821050518 552776072 96648100
                                       3272594573 3667997257 3971302588
                                       1543593663 2313618572 368784445
                                       1562129371 2846798466 920989400 27062682
                                       1109261610 374935405 1395404690
                                       920921622 1124779742 3152758913
                                       2559243242 2004223505 352167643
                                       1781988928 533918397 2160726854
                                       1128363764 1491908504 647300531
                                       4024310032 4022594405 1989134374
                                       1579922284 2119665507 3493317931
                                       1699146638 3192707860 419222769
                                       3788944841 851050636 887619032 959347477
                                       19444393 847007631 4069376709 1606817344
                                       1471114045 841424868 3302514983
                                       2864408041 4052810306 303307013
                                       3221780469 2473387467 2169532209
                                       1107871669 515419546 4254610796
                                       1271676211 1483793432 2789653344
                                       2757509008 870009892 3652295181
                                       1129879949 4015072327 3209881458
                                       2894374037 618527620 4265949782
                                       702906994 3028118397 187093138
                                       3695866359 4030715060 3216174678
                                       2872384199 4105240472 3024706044
                                       1236297723 2629641574 1935925737
                                       2011670003 3218133574 3156786610
                                       3633389136 3966034129 92934538 386812575
                                       2794008605 2596618261 3450190804
                                       2133959627 2859854953 2962667310
                                       3075603309 2177975209 2865734431
                                       576004261 3705067101 3875962104
                                       2071447641 1102674118 1347822855
                                       2716113590 1040462948 2024129687
                                       1467465890 1489280250 4214769624
                                       2630131427 3505418458 1178210450
                                       1194156585 2009906320 3401786712
                                       2152687179 728444614 3646872017
                                       3647152553 3959846257 3191870947
                                       1132706725 2821992453 2045483435
                                       3734935795 2770034921 3950488547
                                       723905615 3089150497 445734118
                                       2874950732 3907986077 937821844
                                       631901761 699599498 486059990 2724631931
                                       1570788612 1916322143 403525120
                                       2575327591 1713853772 2095521834
                                       2171754757 1934984461 236975441
                                       1869353443 2698710784 124475214
                                       2358411433 4146203508 2099109625
                                       3966466052 2908702657 2059661578
                                       2768211563 3781640571 485123811
                                       2320867640 3537621706 3626149031
                                       3187160199 2286304714 57635010
                                       1979105326 4249296101 954763896
                                       1320997156 3338222898 3431592870
                                       4270977334 3358412219 1379137511
                                       4157294503 640808501 3603517173 30055738
                                       3890056132 1425196946 2182017178
                                       1294121684 615636537 3483720103
                                       2423141759 252190747 2745105729
                                       1135177331 103413411 1867752131
                                       3228498583 321366301 1212515670
                                       4149164533 2997766924 1476452855
                                       3390065930 2044910534 3848695681
                                       210109384 1608172681 177823272
                                       3699389395 2291706289 1627334243
                                       1735402395 2626922659 652708308
                                       4096594229 686964042 801999725
                                       1101210403 3064631330 2296156918
                                       2558947249 2550655246 2253655710
                                       2385873768 2898269997 3717509104
                                       2613941435 2016236914 2602902614
                                       2854412345 3719886540 152468492
                                       804160113 1192948678 1908546165
                                       1735229509 54213811 1190527663 643579806
                                       2640164225 3255770361 1705717849
                                       1971772235 2991527170 945654844
                                       1585428256 1901055408 2979759032
                                       1405887043 4035209018 1157631747
                                       4143353667 2965242544 806922181
                                       3951828363 111755988 1206374447
                                       4267005396 743340872 3402428131
                                       123610894 4277994047 2227127705
                                       3680404512 2228113773 2958805461
                                       3573520746 2489268132 2612362032
                                       345908598 4230460618 2034223546
                                       3365932385 3973788328 4028718635
                                       2786349372 1013964817 2578864151
                                       1592893061 104584249 3166888665
                                       2169961122 1560301772 411065794
                                       596362145 614298685 2118196077
                                       3284708411 899901551 1383204908
                                       3952568886 3742573218 1210454518
                                       2258224903 240788301 2340591576
                                       2507158104 513941150 1003697431
                                       893055287 2493810032 2140406315
                                       1523397065 1791638201 3346200122
                                       3280345627 518245303 4041459019
                                       337205274 178518368 2143623358 877603297
                                       2084130941 228550612 1873677994
                                       4167674950 3714558880 2562151052
                                       3884931917 3394791122 62869103
                                       2809661387 1037217105 2729672889
                                       2086046260 2138453022 2861646167
                                       3954668593 1018455560 2385236647
                                       3722388433 74926303 2976246602 133609445
                                       626220919 1538970698 610113867
                                       2963985377 1983688197 3201165397
                                       1071771275 489956739 3501941439
                                       328024442 4167660876 2616564309
                                       2070263313 1300659785 207132650
                                       3339002985 3761108500 3326850277
                                       179784716 4192447832 1170392772
                                       3975524285 1592482543 971617779
                                       755966286 610499018 2569120882
                                       1602821033 1057181549 1452560021
                                       1103891004 4184395402 978282022
                                       3395729022 3749448529 3494361 1948098214
                                       296290156 3996516926 1645078179
                                       1607599601 761373495 2801202677
                                       382315340 1237618513 1128721521
                                       2838017448 2323132010 2560644183
                                       785993437 2538670663 3195424760
                                       1976549418 3708873837 916674635
                                       2595836297 1179509533 1446438826
                                       2849778569 3501628169 3004140285
                                       1615689832 2855589626 788529493
                                       3545872271 1881962952 3675385835
                                       677395481 1882457828 4291374367
                                       1387780627 2787409137 1204892912
                                       3431821030 1295189783 1499804252
                                       2883106414 1520526334 1151679323
                                       3356628567 2290918686 2896829528
                                       1900352529 1207595034 1969975703
                                       3370505893 2816673528 1422228067
                                       65394348 287218054 2364624226 2055467431
                                       2720168058 1013403836 1673329861
                                       3436249105 860003977 1905379514
                                       2797041229 2584156288 647793179
                                       1576200928 1847707951 3850534330
                                       479515814 8762897 603940 2361078118
                                       56113035 3518146140 4073680254
                                       1905090118 801604346 3691690081
                                       311831954 3576493302 1677796443
                                       185456717 3944488927 2962236079
                                       3566892720 3059285948 647935923
                                       2829523040 1801601137 1366525413
                                       2110929730 3809462675 2418650505
                                       3450356758 3824678028 3031587439
                                       3914845762 3187737143 1818517567
                                       3330000488 2532461280 3551134140
                                       3136517407 2480637840 2480310747
                                       2330790706 528173352 3411630618
                                       3727490132 3874439095 202151997
                                       1897147458 645007613 4265215776)))