#S(RANDOM-STATE :STATE #.(MAKE-ARRAY 627 :ELEMENT-TYPE '(UNSIGNED-BYTE 32)
                                     :INITIAL-CONTENTS
                                     '(0 2567483615 624 2147483648 2425028839
                                       3156478569 433017885 3414245787
                                       609346112 1279569347 3528891759
                                       888772082 862306985 3267921140
                                       3049465080 2633857744 2635218166
                                       640503181 810865662 1837147448
                                       1159295571 3901241611 1728028271
                                       4227744335 21646412 2950053980
                                       3441102750 7005334 2845649469 3292278244
                                       2666811401 317041731 2192483916
                                       3330916452 2485704790 4199911114
                                       3366049376 3760685690 2598518944
                                       938613423 133824674 449777246 1189916138
                                       1183789850 3758338406 3887314080
                                       3450231425 1744595954 3465925622
                                       2064800602 3920422813 3272630380
                                       2587048526 2737692086 2741059518
                                       2982686540 1713602579 1649594313
                                       3836780183 1534509850 2519586150
                                       3755932876 602756115 3755312423
                                       3403337878 904635332 2451097342
                                       1682261642 332978689 3137972684
                                       2705361818 2500352757 3115795557
                                       177654994 4094258142 1592562797
                                       1804703992 984817979 776882647
                                       2355544501 588787159 2062823716
                                       1790896538 253159816 3275139608 55319294
                                       716089953 670459137 3382102576 770202339
                                       303197602 3987383088 1439335907
                                       2509039383 2655469139 3195297589
                                       3370073511 1549536245 2236072635
                                       2687667490 3499138680 2819271809
                                       3526887873 1817158761 896552120
                                       3338397146 1846083153 959455445
                                       3044335925 1366128503 222776935
                                       4202396990 4056853253 347224869
                                       3609128614 1987883835 3203676332
                                       3499350146 898214887 641412895
                                       1975244447 1633765253 2054737786
                                       2698340174 1806311824 3376875581
                                       2901045435 656216636 2787682015
                                       3842923352 495309628 410913684
                                       3113734492 1115259346 843561218
                                       3097042679 3155590056 245696851
                                       2616571790 377172194 1831150670
                                       1484168971 2744377675 1413607484
                                       2469639552 2531703519 256932473
                                       1877115818 2140463813 2305510874
                                       2080503338 2884368699 4274016556
                                       456324890 1532749221 2329716260
                                       3348317840 273208034 344083572
                                       2482248417 2179955306 864142542
                                       441784868 742180448 1823590887
                                       2187614031 3899358667 199746082
                                       3016260060 389022290 4102586418
                                       2345576518 1079828685 120344800
                                       644674215 1637964106 632487091
                                       2541862841 3244590008 3125022384
                                       3645131435 2708470449 3880217129
                                       3900582428 2516169053 908957355
                                       2804984878 2058036863 1581097415
                                       832107021 2411317056 2434225963
                                       1418546168 2903847120 234411534
                                       1769503297 1939482303 4287154298
                                       2531610103 3935583277 3214558840
                                       1215964834 114880112 2916259637
                                       3478408822 2081811566 3903639031
                                       4103429828 1813888250 1867360328
                                       2635784373 900577671 1252707189
                                       2434117196 907702222 3869885799
                                       2648357988 1586775266 1999517298
                                       1993366526 605738273 3791186423
                                       1217781589 3658621906 1958438261
                                       2827556012 1799958809 437153146
                                       2761591176 1556958368 411069358
                                       2416071382 587025196 2212861807
                                       416927068 2303773509 3846123261
                                       1143537036 1860555671 2843425385
                                       2551821335 3552984316 314619177
                                       2894207994 1207964057 3940141893
                                       884275107 1600897429 1660453386
                                       1649672992 2644532658 1632844141
                                       224792545 3943651422 3354588386
                                       2216622491 3437371911 1794036243
                                       2688020229 898595312 3774996197
                                       3230856742 1738270902 2512529367
                                       1431524788 2002905251 277336457
                                       4047598412 1246349662 3526131503
                                       2747078646 519866550 4007514934
                                       331346463 1211804946 3346654705
                                       1556060514 1560977265 4150474833
                                       103490971 1314870958 1022110540
                                       2136994213 4172442283 1528467179
                                       3505523685 380736944 1477542837
                                       629197609 1355982535 511077346 339833513
                                       196567763 1455475965 2920077370
                                       996927605 3652263008 232474484
                                       3769370257 235476061 2376615568
                                       3929735243 541909168 1311780375
                                       3902505038 746455178 258539568
                                       2696746989 2813016871 29957410
                                       3901433132 3600852388 1015975880
                                       893351187 867313692 2404666599
                                       1123686792 4087435296 3988745490
                                       883214771 1271428467 757573257
                                       3221401373 1194406916 1132759120
                                       3458958577 584214670 2235903249
                                       1689654389 3385994829 2642111959
                                       64421762 952107678 2288465895 482293017
                                       451531439 1053789950 807429357
                                       3464018074 1999203433 4213227548
                                       1956794538 2345418471 2589418968
                                       1829982046 3569598499 340772102
                                       3539618619 301511248 935049468
                                       3971818008 3580755130 3924313137
                                       265006864 768474796 3307110803
                                       2438222259 121387059 2453155569
                                       4293763897 2332611824 2241885673
                                       143531518 3660242679 1714513924
                                       2736090093 2156857038 3503513811
                                       1510897877 2581632778 1233167131
                                       481559282 3622578436 3428263102
                                       293994825 1329934029 2829484522
                                       3095814124 1406779048 3991727164
                                       2740666839 2708671729 2011697381
                                       3885853463 2246494680 2579359205
                                       1060770348 766938285 3107486543
                                       1841077926 476804693 2160172055
                                       2498756924 1224423895 3768783687
                                       4264818524 3697432446 2507443797
                                       1614994006 4048387542 1242934470
                                       92449725 1529550178 2132761479 322896140
                                       2730210680 4014514311 3186122229
                                       797892049 3714118559 1724848037
                                       1816551125 3160735231 3441263129
                                       1467316849 1724531973 2500363651
                                       3285905009 4021771290 1848369001
                                       2322954388 602632910 3571191122
                                       3677212965 1978580527 1025349993
                                       2074400578 2239994464 3401339015
                                       2043010171 227670178 3505661173
                                       1533007437 95607126 3712535204
                                       2074394106 4007528587 1699593551
                                       3576539249 2975133388 98917485
                                       4128565189 2495512670 746572013
                                       1772481932 472208533 760836703
                                       2984130724 1262740388 675298474
                                       2779406695 4162894842 2322523930
                                       1847273298 3988449816 3747193184
                                       3660544293 3728546013 4275782665
                                       4206933210 2924063548 53879406
                                       3555005654 4145490848 1213116941
                                       2279678499 130077158 944171048 721987130
                                       3922310609 1406058200 613263375
                                       3350570993 290920442 649947938
                                       1190966258 2175407906 2289631262
                                       2114952272 2683435494 2171512365
                                       1551948303 1284707515 2656847397
                                       2066771784 3899050975 3842675568
                                       1548478338 2088492760 1673971844
                                       1418905168 3095263901 3627008165
                                       4098112625 3323860113 1774076051
                                       4132212666 3563659233 3312201289
                                       3599468816 3170374134 568246519
                                       3633307148 661981808 1273944443
                                       1564827881 636983811 183152710 283098210
                                       51640135 526385445 617185852 2684725595
                                       1434828314 1262576473 3711115323
                                       355431749 917332317 2408630088
                                       1196719024 1564870533 3705015309
                                       4150766511 484939841 1115626866
                                       1436771872 233153067 3478266472
                                       1261294293 1663817426 825669869
                                       1502113212 3535340976 305130817
                                       2606606545 3897830347 3349511282
                                       1256517771 1893066613 677721986
                                       1415509098 2712870708 3406572472
                                       1286620621 3272069666 3622759414
                                       678797317 550499846 601431780 3450995527
                                       1686418033 1193427453 269516048
                                       3047652490 33362274 2389302106
                                       2324721343 1906950403 2300312594
                                       1032815228 2649032399 4117475427
                                       1539169794 17420250 1716528375
                                       1511397943 2924541925 3085447989
                                       3294586452 1614783522 504024148
                                       1539918367 2664696686 1533212082
                                       728662627 3573388879 2632134300
                                       1549186519 1688386361 1992277994
                                       107587432 450509800 3512382540 434241869
                                       78106980 1859684592 3112216068
                                       1135462637 1744824304 291885981
                                       3652394834 1657636865 392417302
                                       1441620135 3228092287 1518501448
                                       3054237502 3285150849 1687636034
                                       2616797846 1452143487 586137833
                                       594368071 23361061 2222918918 2918025415
                                       4120597060 4016017011 3525073768
                                       3396103897 1134966182 4255831397
                                       3570497051 4039423257 1602918274
                                       252273436 359962475 4111957816 643020739
                                       480212917 2751074171 3644133000
                                       3711340361 2857324624 1729549163
                                       2779652307 691277023)))