#S(RANDOM-STATE :STATE #.(MAKE-ARRAY 627 :ELEMENT-TYPE '(UNSIGNED-BYTE 32)
                                     :INITIAL-CONTENTS
                                     '(0 2567483615 624 2147483648 1336804479
                                       524646575 3379319682 3981309419
                                       3295796038 2552121424 1966277641
                                       1168975761 4155828774 455171478
                                       3770141024 3075370202 476800984
                                       715684024 1640241764 472496936 746102724
                                       2333335972 3635275837 2260396425
                                       729275745 3694401503 3552614074
                                       4236564977 2033932961 295594223
                                       2344257125 2915998057 3624246528
                                       4257740231 2757098820 758312331
                                       1959941900 1540356475 2902507037
                                       2499418066 1434686887 738017255
                                       1220154265 1723395480 2497426123
                                       3719911259 3705797158 2860856116
                                       1393965502 773814401 846283288
                                       1091094828 2861150985 2800408348
                                       1926372554 3012322155 1166435916
                                       3057644752 1665861045 952177982
                                       981460334 1111344144 2843157291
                                       1027460921 2457002902 3629796343
                                       1948757288 3166735493 246932011
                                       4289033926 3184422713 2505016086
                                       1401548244 3075199355 4103148914
                                       4284451429 3841112563 1213808974
                                       1707809918 1988445720 3207236454
                                       1109714876 3532129106 2793052287
                                       1324592286 2297965759 168257138
                                       3934704365 212427149 2727633878
                                       2874775718 2407910849 356458340
                                       2174508810 4285692853 2516739866
                                       2075717062 2364047634 4132381342
                                       1710141995 2579323870 1087873981
                                       1510985448 1029477961 1342534719
                                       1302022154 2854219231 3469850574
                                       3149809813 4254712070 3206913756
                                       1095374358 4532948 1038461086 4244854770
                                       2208550478 2797617029 3142848223
                                       2535508310 630642259 2038786574
                                       3787553179 3955310121 3593071772
                                       316877384 412365774 1450482307
                                       2242314652 468236521 1502391338
                                       2911046520 3886385021 3726181037
                                       4167123763 1490862756 2217296554
                                       1122875533 308087363 4158581874
                                       3586469539 2182287964 2510800097
                                       2176198771 2714026240 1830650058
                                       2650122297 105694942 1463812131
                                       1243715029 2682667079 586868749
                                       4200516937 2728411777 1613062792
                                       2386565237 3630633534 1265365656
                                       1802614732 1733328934 2977704277
                                       334454817 65622559 1047613705 2718684945
                                       118303233 1279742838 1301218059
                                       2437521683 445890361 1376785542
                                       2729295615 2631142985 3574402026
                                       921164970 2654449969 1952769010
                                       966117167 3235445420 1464451482
                                       1304423029 3212592324 3395659907
                                       2041700238 4068407556 1818085611
                                       3793924191 225909760 3234131819
                                       515303847 2641685702 3833145312
                                       1183324690 1609770058 1699494531
                                       340927493 2713894249 1028370572
                                       3639272624 4142149558 2859380343
                                       1488665621 3801396397 1714308246
                                       754750783 740220582 1688469073
                                       2855741570 2326954878 4290474281
                                       1333359583 3896960243 852382243
                                       2154470583 4164388429 606618818
                                       2782062138 3994483058 658911294
                                       2502452731 206422175 735666118
                                       3868174944 993432632 360657666
                                       3786911710 3923293462 1578362928
                                       3471569297 3990884143 2015574213
                                       2304225325 2935450732 3284297659
                                       3749219251 4178002952 2359619340
                                       2159789754 1566428420 3347458992
                                       781785187 246866778 890032067 1136526197
                                       2377550718 2472646710 647151054
                                       2237858294 3571227774 3206414733
                                       145188065 565531611 3132522763 959666311
                                       3684579816 3142490868 1360582304
                                       3641640991 3719956904 456006012
                                       1805234237 3123870169 764080947
                                       826682491 2825917196 4064169195
                                       758389027 1299304313 3633578155
                                       1034858942 1478567592 1509996694
                                       2717061079 1613074426 1793100947
                                       3408789367 3707494088 2276703090
                                       243389162 2896959723 3282695958
                                       2093647491 3150218868 2350892789
                                       229520222 2149072497 1737560258
                                       3532939561 894977678 3466872062
                                       4214600215 1183384723 1032314838
                                       3512394564 2116787699 490411298
                                       3360298164 2640708912 3860780324
                                       3162221631 2704191662 569447475
                                       1655292961 5904904 3725245395 1151430046
                                       1859065541 36166730 3022037497
                                       4079135895 127399620 1159473599
                                       3154374061 1123275129 2163191165
                                       2490822491 3590355455 3731575646
                                       4219316126 3365138604 3315660712
                                       3891179042 3885815595 2559107012
                                       972512943 4015979844 1712711600
                                       347784828 1673357386 3428004123
                                       1474869650 4106088048 2734036073
                                       2391705988 674511316 1289539458
                                       3500058119 616504068 180028743
                                       1974414908 508159886 3608061130
                                       2950561175 3174958526 1478882081
                                       3343362727 843157943 1011740864
                                       2519595131 3058979636 247153554 3572984
                                       508130473 3324265868 434724139 392417276
                                       1172391474 731733237 1773137682
                                       899624277 1714793191 3912170917
                                       3188108464 459593876 472836748 767684031
                                       3887556365 1958053281 195922355
                                       1422612465 3808722613 1306176334
                                       631517104 747496144 3419658874
                                       3342154696 568984719 86642158 2949698368
                                       420703084 2320121054 3042678238
                                       1267664296 2421931224 2202242157
                                       3565136465 630087055 3212799260
                                       1679726540 3297902839 3381310460
                                       2687489023 2087061475 44064694
                                       3192553321 968909374 333302597
                                       1808307861 1914673753 3117086949
                                       684708206 429070911 2399404760 130079946
                                       1026152889 727125005 1061127 1541046426
                                       1729247399 195469015 2235064935
                                       1187973883 672203784 1805961094
                                       1628215328 3310680598 3089861771
                                       2277054301 3401273067 3708327263
                                       2350561010 4287176804 3758504338
                                       4178733843 1417509295 2907610995
                                       1951545543 4162580055 1107390885
                                       908144787 3720386475 657882301
                                       3738341121 1662904416 3112515852
                                       3124551472 1335519116 3106612623
                                       4187359231 1973893016 458187324
                                       2431615486 250942048 3485386607
                                       1538109130 4195521169 3639326152
                                       2031581540 768884959 336306519
                                       2480981009 2598681134 49740409
                                       2088112718 877665413 758078572 87658594
                                       3948673865 79086354 1809986927
                                       1419198125 3444956488 2235264911
                                       1266046728 393986813 3731439062 20787631
                                       3240037757 4271638730 1245269730
                                       843243060 3169177975 4112586750 235180
                                       4174765647 4269460517 217636002
                                       3214640793 1129033187 531702527
                                       481777221 3501684910 2665002198
                                       2279045542 493290114 4038339106
                                       3204914315 1484289041 2825332918
                                       550328956 2107276167 2645884877
                                       3567061001 3550728979 2981865458
                                       2034549680 2301821232 3432758541
                                       1228167015 3470265293 2893754383
                                       364595616 2571479844 2573615218
                                       3759338113 2122173009 2508743955
                                       1274273397 3084640395 457638249
                                       3633989566 4210338398 3534872059
                                       2756154893 2839119807 3908816167
                                       2373199053 2900866778 3321218135
                                       405543810 1234390126 1328676550
                                       3003804492 3783897679 1669364194
                                       1931026619 3532694325 2197792837
                                       2342202006 2187063020 3506432649
                                       883401167 608651603 1720115997
                                       2958254055 2017774719 1213541607
                                       1926109730 3222826474 3371393060
                                       242045065 1429038242 3733404818
                                       1132305202 3898501927 3477460807
                                       1326765503 2797075 2070221026 1208766473
                                       3198164893 3384920936 67025407
                                       2428042932 1063231123 2904538323
                                       1172980554 1925167836 776875962
                                       1317014826 3750933756 2380779445
                                       558518678 3894017026 931455528
                                       3830375817 1620957969 1562091965
                                       3691830954 1353076317 494399744
                                       4110682991 3816982629 666445265
                                       3481162349 1089919717 4185058479
                                       4270051371 1834004648 915036936
                                       810279901 4092570644 2976060328
                                       2827210540 4054895779 3759096653
                                       2557354605 4153372392 847280843
                                       216156916 312108335 2560811785
                                       2985776012 3762391942 2196148323
                                       4107930395 3634774913 762650435
                                       3674714685 3827891341 3658657282
                                       1993463353 2005900933 367401755
                                       3704311620 3915021513 719259133
                                       2294440029 613057000 1939239008
                                       2663921764 978704871 537481877
                                       2641618836 1253617800 883950288
                                       1876728216 1194539744 677012431
                                       1560983181 1053809144 3706383496
                                       2764011518 4223015279 2813738369
                                       2359927932 3860216589 2502056907)))