#S(RANDOM-STATE :STATE #.(MAKE-ARRAY 627 :ELEMENT-TYPE '(UNSIGNED-BYTE 32)
                                     :INITIAL-CONTENTS
                                     '(0 2567483615 624 2147483648 2281814016
                                       3670145812 753863750 1808508821
                                       3875350352 430433618 2092284039
                                       363167193 1520768255 2484450286
                                       4206117719 4218422639 3521514210
                                       2324682759 3940140903 3683857549
                                       838279357 3084343957 1976670793
                                       2979296258 2061868719 2187928671
                                       4149826248 3368523599 2636799078
                                       2755746746 2331205952 1030643928
                                       2649973724 3476252542 649368201
                                       233460384 329245032 3731646255
                                       4071058420 678305879 1090255027
                                       1850075516 2969332890 3838924577
                                       3093162048 1351325971 2363239968
                                       973757967 1462619365 2851191320
                                       2333036897 118324210 1807067367
                                       1875494635 3514154639 3026135264
                                       1649855824 3039393081 1137372828
                                       1236584296 1174585765 3410101235
                                       627510927 546661095 3862030678
                                       2356076664 1140438551 2208934220
                                       627981892 1846452179 2336604668
                                       3298559896 3428345544 1768355029
                                       3099814453 290236566 1637796346
                                       2483016213 3310189350 1843257736
                                       300396617 83718191 2002947981 2897569505
                                       2518500485 1646478025 1905096576
                                       3592830987 330115396 3767599996
                                       2518739391 3002476051 1669579726
                                       1398698460 2899585300 1292824964
                                       4008642929 2098912148 3193874528
                                       754551131 2851138180 4257532448
                                       2988516497 359077789 1931761928
                                       2982035276 2222354988 3421887428
                                       2850922874 709694226 1866822875
                                       1241643858 461376665 634771044
                                       4261817021 2054156930 4092584694
                                       124900922 3741014268 379744631
                                       4162796373 628098778 281449798
                                       1570487871 2962631648 195292256
                                       2974910295 322567672 3617311689
                                       1093276144 1539600319 3326577497
                                       3215271841 1256267146 2612369714
                                       797047000 986548913 768396659 78122989
                                       3447655894 3832849776 1965329565
                                       106807866 4294637767 4116737590
                                       3298706718 591021691 564578448
                                       2970153603 94661206 3481601181 893816097
                                       502861936 4093656996 2316797423
                                       2393672057 1134559661 4292401541
                                       525862974 3442898996 1838540646
                                       3209801495 965237344 1639426212
                                       924641437 3607029339 636251660 896624056
                                       1074098458 3629378151 884941606
                                       3509935854 1149664134 1429590259
                                       662216906 1535112033 1555266212
                                       206998124 1296226838 3183547775
                                       4133239877 1699172696 3917113025
                                       1155435936 2369998852 679896340
                                       1930965903 2785524069 589593384
                                       2682622273 4179856810 3902417850
                                       3252851272 885455365 2837708739
                                       2953787479 3768672724 1625904530
                                       3316409113 1874339791 1905255839
                                       876553107 184945059 3926131080 586355045
                                       1655400568 1241881682 932836829
                                       4066670188 2942050542 2282529171
                                       728054456 2582951708 4229640605
                                       790663622 3210720897 1211129455
                                       2256129021 2072368412 2143925714
                                       3889390995 2497380643 2395089067
                                       414837953 1951189950 707349674
                                       1399340092 3180203686 2271630820
                                       325503421 2054406639 3581379231
                                       440572368 2971045079 4121301434
                                       3524426345 1508702299 189580538
                                       2004669845 378833531 833246717 286051381
                                       235323189 1311375033 87571991 1623111883
                                       476966085 3764738038 3539835491
                                       352931805 1452078341 4170271044
                                       3123706527 1712966115 2612754823
                                       3640086896 3615758811 971688350
                                       138882231 3596258946 1866028833
                                       2643298434 220337033 2183858021
                                       499459323 1660728567 2332472128
                                       4099595949 3338425029 3212176343
                                       4097905814 3848170707 670355087
                                       3692045340 785976233 2438147874
                                       1266665381 1748107488 4154588986
                                       2342158757 2646183270 1990151400
                                       2694301098 3544690416 2839223350 9050633
                                       1597438724 2895337688 1098454772
                                       610836483 4263435519 1017044005
                                       2926894815 2628117088 4284715159
                                       392523724 4056060523 1889111953
                                       3885033492 2485062286 3922419082
                                       1421273023 1327916323 266406173
                                       2165338523 4123095132 3252026113
                                       479717571 3620232243 2763319665
                                       1527149180 326699347 1605760627
                                       1567705456 302344492 287802433
                                       3843054050 3606602581 790244136
                                       3817936918 1387536576 66712386
                                       1775494898 1668113247 86195797 543415660
                                       999838574 345753757 421675327 327319859
                                       1059773067 1813261507 2952060536
                                       3766494812 160159678 1875947622 5245586
                                       4064721782 175257905 3792847105
                                       1293408572 2654568181 1383129463
                                       3875115444 3785017139 4184042874
                                       3440551442 4252446438 3085893392
                                       195221077 314785309 2113224150
                                       2396349595 2030626686 2035293171
                                       1190467654 2393048647 4091470459
                                       3564060273 4191975238 618933930
                                       980013559 2718151792 4044462569
                                       235524285 953860920 3835109509 188718496
                                       3423696505 1317261791 3950831163
                                       1020214644 3430947267 3503162455
                                       1278788803 1880224117 3812352440
                                       2939143756 3000992201 74136548
                                       2601394032 2322871412 1920546554
                                       3026989688 2354381183 3076683448
                                       176406859 1764614592 4280210273
                                       1974491120 3621819600 82736582
                                       1794348046 2682308043 643932634
                                       2255685542 3354199552 3011161427
                                       1614754333 1275784429 2049699207
                                       889946989 1917168533 3092570115 39320203
                                       3131276683 1872104773 1349753953
                                       4237387560 896388858 3217731090
                                       4277889628 2329228808 742630091
                                       1279165531 2803696252 2702148912
                                       2205681486 486986033 2768207655
                                       2879549598 2486720756 2168078638
                                       1030981037 1868924136 3547650487
                                       375836455 2181895681 316201719
                                       3621117424 933652336 3130736334
                                       285643183 3556466666 2620478460
                                       1958965264 566240272 1489189463
                                       476441038 1617564074 3044039800
                                       944308157 3165153290 4103318007
                                       1410746666 2945856993 4149598745
                                       3325716780 971088503 2771851359
                                       1707081952 2086310845 1587064475
                                       1183491503 2867129617 143348548
                                       334695826 33198461 565475361 3169712826
                                       403292291 3295893279 181491645
                                       4258751048 1050421043 1082063770
                                       1712132322 2731888442 2212937126
                                       2043253440 1748090065 1537114753
                                       489550300 2689258647 1894945011
                                       734377889 1748015315 704181908
                                       1180365351 3659054107 229531290
                                       3033666406 1357260968 1957644102
                                       3275867533 1942213677 515421561
                                       260380724 497093484 534768362 4070744776
                                       3782477167 1700691477 3456376199
                                       3311759118 1666563782 2013383825
                                       2987379961 2906976541 1988815547
                                       1640999889 3542777937 3551323011
                                       3425043656 4203171718 1287913207
                                       1913891160 912249508 81051597 2341999072
                                       2258241188 3672644312 436699423
                                       880753404 2877598682 2832033088
                                       1593191676 2734067002 154214838
                                       2396431431 780017592 3229211233
                                       2517276517 2769610084 1678897821
                                       572786161 2069396211 3562116109
                                       4062480380 1311861177 232799260
                                       2023407103 564546892 3101198390
                                       1952017553 1340994164 1676760019
                                       3174743778 1317060888 1895910860
                                       714282587 1148663466 1558602811 62297498
                                       2964712843 3063835925 251839100
                                       2984405737 3841992004 2875189915
                                       2612900065 1021550540 1568618784
                                       1461496303 1859702294 2205867358
                                       645691993 4224257938 2943118821
                                       2931616266 2632898712 3922879814
                                       3337888041 248703959 3212007678
                                       3047958676 1505040719 113404868
                                       865516338 1203320200 2252213138
                                       3858793675 2078998338 1151460349
                                       2782401767 2506909709 718192172
                                       1559191891 538053117 2246920164
                                       3380080497 2346195058 3447227683
                                       2465756499 3879776539 3355574325
                                       2551231701 3250998527 2089032145
                                       4242547921 1230803935 152609363
                                       1879900087 1543051068 1183943450
                                       484345160 2638191261 3105333874
                                       3065846110 222658881 2463477944
                                       4003576222 850228359 4073077305
                                       3279216778 1659411912 2100185339
                                       24911044 1676081866 343359822 463718136
                                       3626681957 3200859271 243415133
                                       2969762121 194707141 2715466103
                                       3627172775 1581019245 3987629227
                                       3790411979 1823745631 3127992398
                                       2149283521 2016563565 232253624
                                       3975517491)))