#S(RANDOM-STATE :STATE #.(MAKE-ARRAY 627 :ELEMENT-TYPE '(UNSIGNED-BYTE 32)
                                     :INITIAL-CONTENTS
                                     '(0 2567483615 624 2147483648 1131046895
                                       493154192 409574780 2663608822
                                       3555783216 1430947023 3997926233
                                       3620486307 1359841901 165448630
                                       1131406621 2164183852 2011267276
                                       2838029657 3371540203 1220349676
                                       4205083160 2617825817 3245558266
                                       1994703970 748587264 2603360676
                                       3009235091 2554126128 1561807893
                                       2175226441 3518527812 2678828912
                                       1803801287 965730688 2161511018
                                       425509269 290418745 3345075657
                                       2958483615 551132395 3653240801
                                       2510685066 3996753092 3589527256
                                       2830547755 852555589 3652453714
                                       3856901145 1413402916 2566595520
                                       539534303 973553602 3335817865
                                       1121943396 3951992198 2477084238
                                       3304373567 1277557750 1469505056
                                       1732991905 1473071107 1088728213
                                       1555798501 1710453497 973514423
                                       2990666624 1079136735 241219729
                                       2847155006 435820710 966713585
                                       3248274608 4225484357 3463344972
                                       3155689302 1577735773 2301822008
                                       1751670532 2289453628 1139244717
                                       2266345532 3054853632 4060873246
                                       203316052 3919006510 4215497990
                                       518799866 2661186081 490355182
                                       2126914052 1008336522 3393752036
                                       4267523026 2651845093 1827787877
                                       2476531845 1047913526 3867763871
                                       2676095169 4102079174 1305449333
                                       1520769182 696658330 2524211758
                                       3461819860 1497352233 1124247199
                                       1726127811 325313824 3583305237
                                       2706060825 3435017987 3635941432
                                       2266033267 1543948382 1316434247
                                       1693159187 1140406104 1707684467
                                       2240295009 857794760 1520993031
                                       3287628130 3783437377 1508625056
                                       1115160062 1498302306 1737311063
                                       2740185139 771446634 2495065867
                                       2678633660 2481996164 3978891029
                                       467952954 4266796791 1234975382
                                       2057798173 4215982964 2873564478
                                       4226488407 874515833 3881307489
                                       1931046151 4414896 145431786 605161601
                                       97437198 141720577 2055018539 2234126180
                                       132850732 3827002250 3601660324 76139922
                                       2470205081 3207600926 4036430446
                                       1926909475 1413927674 630092270
                                       2734232443 2022991165 52883177 348617195
                                       4269879492 2784202247 291925649
                                       1268846044 2250470437 4197400157
                                       2755854368 1967144074 2956699349
                                       194418274 4031266250 1964577928
                                       2061461562 2919815459 3327741821
                                       2885449277 2250670238 3830902399
                                       3432952707 905877954 1844840131
                                       2345631134 3562543034 3797970407
                                       2959618676 1540254080 4248287715
                                       2557907279 129897599 1126317505
                                       458658007 480339038 1433469324
                                       3520275952 3229478647 2855139991
                                       1456323389 2322565897 532164382
                                       3795114302 4227618750 2415623315
                                       3058432346 846938761 1265533485
                                       2608659239 3053199711 1689590421
                                       3007037752 3895261491 3433977538
                                       1861687030 1640057757 3169373148
                                       3621574917 3697864618 3827834034
                                       3886791940 3516454919 3980684704
                                       1506953736 1860513605 1631820541
                                       3648488386 3563722789 1463534495
                                       945978654 3800202657 1719074317
                                       3117330919 4230355970 3996683019
                                       549647816 3461881241 1694344329
                                       3698867150 2029841819 2411540251
                                       2004370729 4202265311 2780941502
                                       2725540003 1465382602 1586611236
                                       422561615 1101524123 4234805691
                                       394218975 3119016058 1701378004
                                       610815994 1233749204 1944499360
                                       2109061863 652752968 1748951957
                                       2358569025 3290592807 3021003593
                                       3117579391 1176451216 882630310
                                       611043608 959635739 2115924420
                                       1362532222 833363395 1569591209
                                       3517589555 284579686 3360493148
                                       1790661246 3509010190 1924467622
                                       97227251 285834894 2269499143 2889994681
                                       858824171 415229345 770228676 1232116624
                                       3634354736 1555376895 1890976054
                                       539784771 2355244161 3079541799
                                       1492459868 13700977 696585396 1544931925
                                       2223544565 3249420407 4095150514
                                       1808339515 183278937 479414579
                                       2014993910 306631199 989447186
                                       1007901591 1406100422 1807990598
                                       644076569 3216864985 2847292689
                                       3925060816 4007270976 1666750906
                                       2783432186 1316382605 3285642732
                                       2051984679 1644980560 3345155489
                                       1408115755 3083770929 70190423
                                       3764448401 3156425341 380629769
                                       4146100678 652027512 3243950179
                                       1537870268 1472062668 2381232214
                                       2356208950 244796548 3360781948
                                       384881405 873239463 1024679880
                                       1861314760 2243915375 171751792
                                       1051843321 2655941377 1044674978
                                       3621892920 3599507195 2967611341
                                       1373053437 2033312053 536043671
                                       2808374976 1130939775 2101662484
                                       3828542826 1705360001 462845738
                                       2695683371 3806887300 2731678216
                                       507464536 1763827060 2302180875
                                       2551212694 3268103694 455274146
                                       1470016188 2374071831 4196844418
                                       3896929422 305258482 782042736
                                       1312296319 911932211 1827588665
                                       574969833 3890308035 2460204893
                                       2304035118 4281329334 3641987143
                                       2224610747 487081324 3962766958
                                       2604101800 1134464591 1932878969
                                       2843085535 3532556383 2627446612
                                       1726219086 3723539111 1619671151
                                       2561981986 523022574 1191228439
                                       963380378 2202558709 1568042136
                                       1170763037 1397253742 3945438549
                                       2962641512 3576655906 2526715153
                                       2657230137 775012980 3550515389
                                       2966313521 1494529961 616058848
                                       4083791391 2172589986 392795905
                                       2450234935 1553091985 2021911723
                                       1066236902 865145346 4038317418
                                       1878613532 175683072 2747157282
                                       945153738 970866973 2000189809
                                       3180997122 1291733330 142070941
                                       1224725818 816058091 4093738601
                                       1891202387 1983149076 2552080860
                                       747395809 419008284 2876829194
                                       4272435466 143449546 1198664930
                                       1221677520 2307302566 4209347784
                                       3487239556 1821923224 2402568490
                                       1746070889 1761667901 2010869528
                                       1458796449 2390708749 1803207375
                                       1154332296 2856196239 320410918
                                       4083816080 2834457188 1316471990
                                       3548326069 4248343621 1763325903
                                       2759065313 539432305 3179390387
                                       3464732715 1282672925 3691135142
                                       2406896712 3710481368 3381999840
                                       734677356 540318853 105504735 3100620714
                                       3514866912 2725508742 179982100
                                       2121795905 691064412 3367336312
                                       3316696551 59010558 3186409931 552641154
                                       2621951138 863379760 1827873252
                                       1313649619 4258731578 3525868568
                                       3935317299 2615457546 1021302971
                                       3252670248 3869513677 178043755
                                       2726720808 1956587572 1328892846
                                       1350420474 2959642977 903960317
                                       3435714698 3027926424 3593874045
                                       3985657582 432915472 2250920736
                                       4247323978 1218102860 2039416786
                                       4285071500 4163375523 2648694049
                                       397144486 2276157057 2112153742
                                       1410729432 3091266522 1960415296
                                       4143969315 361710466 655902911
                                       1715360249 235143232 2631068880 55869573
                                       4095881499 3097222916 247164056
                                       2389909944 4263926758 1698470646
                                       2433602581 1861438983 2958258515
                                       1018229970 1557849939 1334324008
                                       159237022 923239447 961288788 1620553779
                                       2922223711 3979738096 22534234
                                       2727501998 508409548 2137413414
                                       478698235 4021636195 222287895 595811541
                                       2216466051 409785173 1880116751
                                       2751951186 3622354206 2678582201
                                       2826117613 1237971946 1291987338
                                       178949622 2540769038 3667040883
                                       4237072855 2162433901 1713502732
                                       886795547 991113411 4248947933
                                       3303387071 2289538161 2753681535
                                       1202608584 3457373177 3075108178
                                       3178834014 295460297 2119863868
                                       3445958039 3505987662 2829746740
                                       3403984794 1023874902 467941870
                                       444354138 3226360688 3969581142
                                       3419907302 1771790284 837225929
                                       2076360230 1497015432 1589977807
                                       2989125737 1611263437 1590239365
                                       4283660419 858459781 740179116 737379395
                                       2872738322 3372084680 4284551181
                                       3311862266 2727566740 1640968697
                                       3440369767 2346467504 4137052869
                                       3278617946 3293375617 1714088960
                                       4010538431 3453655932 1575672343
                                       2091429033 690993501 2096963176
                                       439943579 343966865 1423854439 376739147
                                       3060695759 3340669144)))