#S(RANDOM-STATE :STATE #.(MAKE-ARRAY 627 :ELEMENT-TYPE '(UNSIGNED-BYTE 32)
                                     :INITIAL-CONTENTS
                                     '(0 2567483615 624 2147483648 3826910834
                                       2216608373 1906950744 1995386079
                                       2155506709 272771648 3590711267
                                       932670861 3588380054 296846352
                                       4255430306 29412234 2464560083
                                       3197898590 1837844134 1326668790
                                       3716781536 2708691095 661388190
                                       2480431174 4047137630 4175107309
                                       835891475 4012872697 3738668640
                                       2734882714 3545154900 3851281434
                                       3912012898 341897864 2979565715
                                       609422763 2275898612 774437307
                                       4216497163 487665728 2895545896
                                       2908296594 1098686937 2616076546
                                       501360529 3945920175 3418955710
                                       1186621439 1637502967 999459700
                                       1673067900 1046975837 3422860598
                                       192637828 4086217838 2933284395
                                       3157374889 3999989249 1804239548
                                       879247938 1323536108 3240839446
                                       1419768902 2560136965 1056423614
                                       1788939361 4079799902 1023311513
                                       2054412369 1087878226 131993100
                                       3204298518 2013306574 3657000991
                                       4269919557 4237159200 3689643539
                                       1033744056 759198877 1516134033
                                       2719140740 1534000034 794621899 42791852
                                       2428998881 1194570697 2269299714
                                       1851400786 185712844 1520893474
                                       4051832029 1088559396 840428486
                                       4089411412 2672169058 2414713399
                                       1764854325 1275030923 4231470952
                                       2450763494 3361885102 1209523833
                                       1004252219 1581656361 3628695254
                                       1468886472 2295473903 3532223488
                                       3460459139 2428737008 2953572717
                                       2421079437 1764371744 2974886114
                                       1647190158 476538038 566057327
                                       3853308366 592014804 687044749 160763324
                                       3488032555 3156590890 986877958
                                       1869733096 544078356 1007681566
                                       3363775114 2077836025 1320457995
                                       1831274063 1283093360 1567417147
                                       342015709 793726461 2056111213
                                       1997604103 2718412970 466599134
                                       1524882579 1294575128 1489442342
                                       2858177556 3664336765 3286264905
                                       3260651433 1406175074 1776707627
                                       2196004473 675946176 3180583615
                                       128131643 198185446 4038025310
                                       1478271474 644043101 3176072083
                                       459187416 4185862628 3318243977
                                       3468377927 1473518460 1239656140
                                       4102099983 3203363854 1771898002
                                       253541970 2854152805 1766971577
                                       4143214496 2768164954 2812775111
                                       3856908878 468468303 4110580358
                                       1132211409 2646030706 4097420984
                                       3674537122 3603388699 2668249528
                                       3566503490 2847324829 2278965586
                                       2155732720 3313681276 1577026037
                                       2120169901 3881864431 3130014091
                                       2935073061 1396267311 128693514
                                       240239761 453481263 3242161667
                                       3731996702 2185710838 596370094
                                       1401839488 3469525775 2660322289
                                       2786821745 2345772424 685499126
                                       492905010 3690435365 1246776484
                                       3520751957 2831419449 3989216048
                                       2927656400 1718255474 1463722260
                                       516148031 529422215 3800491461
                                       3337240665 1029619199 194278474
                                       4236328463 3595491129 1544956299
                                       2585702983 1052791360 3948614425
                                       3047988232 927606938 4159120880
                                       722575701 1593023930 884106571
                                       1404362519 1726029634 3674404293
                                       4169246410 935267086 4165354199
                                       1156156863 2490215897 2649270711
                                       171611691 993122146 770005162 472637962
                                       4103186509 3611505298 2810751069
                                       4168067467 4048985722 3927930764
                                       3384259555 4141155303 3887178532
                                       4094331114 1861637290 694124650
                                       1768474701 3056246417 4170633722
                                       1338339337 1843865895 895770423
                                       1079543951 2473250332 3956734253
                                       2715090551 2076749285 3710917399
                                       2570375645 3882814640 3671695656
                                       939739081 1387010275 3704644276
                                       1045891455 1298384611 4083368050
                                       2054370351 2564255216 1966866747
                                       2805438040 1404708867 2583073525
                                       2151782616 3022525675 711642104
                                       686035085 1207584064 453017580
                                       2815300341 898829772 3539632007
                                       890288156 1908821464 840157948 136935537
                                       1851408401 3332068008 399680987
                                       3036993282 619339271 3880524171
                                       2706264093 1967965940 3081558759
                                       2042748778 4001039605 3751433827
                                       1304666686 1533542534 1227705887
                                       203359690 1697483264 718614538
                                       2515028039 786114701 4247659283
                                       1875217379 2788641505 1175195130
                                       397777082 2599981434 2512104595
                                       2805602205 1456401920 3632387272
                                       3154781880 3486453130 1476068070
                                       3353794126 4200714944 4129011050
                                       1915877265 3537786221 1612356036
                                       2609494895 1289749472 2065692872
                                       4124409927 1477842965 2246234078
                                       2823651775 662883818 305460806
                                       2814260844 712297236 3218222551
                                       1033896004 3079713693 4288163580
                                       942955833 4239585419 3738963765
                                       704208005 41892168 3025371195 696934478
                                       1823491666 952208909 363206242
                                       1624826966 2154461797 2744579155
                                       1730349108 2755382115 2705242979
                                       4100014214 2700007355 1910294289
                                       3330783897 3193534684 2594422017
                                       459298486 1116982558 2877013041
                                       4198220924 2650170779 4010756423
                                       3021110430 330110012 2150166026
                                       1948069923 1374736976 2271895608
                                       2974076652 2732335059 1966952670
                                       3434202994 2577323584 3489421462
                                       3613210083 1993537899 895207553 89982927
                                       3327647733 3378380100 1670573619
                                       1740745532 3366804433 1156587550
                                       30475689 3384201975 1869436255
                                       3415927761 1870533946 2298715268
                                       2705000680 2386573277 163422016
                                       2267546911 1436032354 4096653495
                                       1559921351 3005795667 403397988
                                       2140330006 3054554881 1949561436
                                       3299020025 2061586991 1903050702
                                       1938448670 3828729964 1979529728
                                       1747432371 467233606 3391647274
                                       1919845239 3978547396 2183119491
                                       3540751597 2362925751 563779614
                                       2587523566 680862775 1264773684
                                       493090728 1567508504 2398263311
                                       3316922481 3691780470 3554542455
                                       2988109767 868158155 3154351382
                                       3585705219 3909940984 162017434
                                       3256698045 3561677420 1655651256
                                       2242620480 3781246417 784454089
                                       1141350070 151517499 3667008913
                                       1951956814 223417888 1928392080
                                       4075068533 3222810535 468247604
                                       1544153798 444065532 1666470066
                                       2818341313 1860083546 500436704
                                       1999077363 196396343 1511172325
                                       3498117726 1335618544 2575982580
                                       2606812808 783514584 3773251253 94732511
                                       1004770357 2729584217 2898045627
                                       1684758159 734004945 2866589273
                                       1303598257 2702875776 905403772
                                       597626994 1675918189 4065086396
                                       3577023078 351048184 2798835816
                                       1481087733 3197670437 246494586
                                       1222907678 1084667140 3695941197
                                       2234024280 148894757 397369105
                                       2263096980 3408206350 790742515
                                       3825048941 1354640140 1154315416
                                       2990609511 1354707737 217194160
                                       1928707134 4025287725 2159743109
                                       828129641 544813617 1409634080
                                       2921878626 4036015131 2328913490
                                       166736510 574159466 4127012938
                                       2388152613 264357504 1276053729
                                       651922179 983707019 669904501 955471729
                                       591182212 3868107142 3714382538
                                       920449217 2727821325 2794895853
                                       2331671272 1758330317 31409509
                                       4098588292 4158603548 3341971731
                                       2766353859 1453870554 2281990104
                                       1577733980 666181444 755518515 855613915
                                       4149316040 2234965346 1452297813
                                       3708682171 2696169975 1119986024
                                       4170783648 3986359281 3519266951
                                       346113780 1161694885 798186534
                                       1618248654 428167663 407561958
                                       2851991442 3993920286 2746985153
                                       1369505955 4258929014 2794762719
                                       3013926601 176931133 4212505523
                                       2722113169 2376762742 98093109 516300548
                                       3929595019 3130555918 3399501869
                                       503951850 3030722436 1371798903
                                       204203996 707218097 2400637317 951634137
                                       917961450 434275125 3495457828 428519246
                                       1611882024 1191903837 2909857075
                                       2676336479 2772173649 2732708810
                                       1361707373 3021821154 3310750849
                                       1752347247 3248032606 3954087995
                                       2883699731 1794879489 1374478081
                                       2926070282 123421376 2175343326
                                       3942169576 64534820 2697576086
                                       4234664677 772711683 1578422142
                                       3764386819 1234995474 1892244952
                                       3639268335 4014768594 2972781000
                                       2087238336 4203906843 3845550179
                                       524691809)))