#S(RANDOM-STATE :STATE #.(MAKE-ARRAY 627 :ELEMENT-TYPE '(UNSIGNED-BYTE 32)
                                     :INITIAL-CONTENTS
                                     '(0 2567483615 624 2147483648 3118447385
                                       1940362766 1139329010 4240396381
                                       3474450583 3064589639 2405845185
                                       2414536660 4208660881 431162774
                                       4045627331 2730035882 109632633
                                       4171550763 1704777508 2990876671
                                       3304810620 2567395955 500353429
                                       2655683010 776609879 2624423067
                                       3180111569 3189111945 2954093768
                                       2857901832 4229698645 3447501418
                                       4183459246 3171124480 916100845
                                       403762740 1659839309 472486587
                                       4155734443 1006073239 3224269859
                                       2125468317 1046778243 3867403318
                                       3813753602 655910798 1854675267
                                       2669677259 31704015 3409090423 899830260
                                       3322428161 1096487899 2650229536
                                       3164661826 1016767924 2287701246
                                       1013356265 2544824051 2395226352
                                       3377408219 567719596 3248885069
                                       1718634128 572793454 1397253373
                                       4152547556 3085254211 1217770057
                                       2862686091 1098229597 404605147
                                       512952537 3716131337 41275675 2816148857
                                       101621462 2308273156 1802883488
                                       2692463812 2427269144 1454059436
                                       2247507724 1797916844 3547648568
                                       2042716494 2055642440 1638834352
                                       3067714314 4067526759 4124054595
                                       876986718 215061882 2331030662
                                       1865520206 445527160 958942768 693010762
                                       3168217521 3461772302 1081080655
                                       2615073148 2833616016 3128112487
                                       1607701109 3063721821 2863718366
                                       1401660090 602374924 1747939154
                                       3843924912 1038794339 341780970
                                       3898316605 2509407908 2800441085
                                       3582090160 4234213 2763311158 4151643623
                                       386000815 3308131286 296886292 42761204
                                       1252834772 298879456 2473583416
                                       3485287327 2888208010 1213752042
                                       3025961459 1715546757 3408918170
                                       2142129990 444783638 1409880008 71521431
                                       2615473988 1083662543 1906556 3535069871
                                       767660152 335266649 3140796775 234213484
                                       1444982747 1295061647 2166376119
                                       1602682990 1429750540 3910945677
                                       2428925055 1401348201 3441695473
                                       4093953497 1388386069 2601368964
                                       607269482 3825657465 4143191006
                                       1174189463 727598841 163898876
                                       2338764664 1347178065 1356481101
                                       1781075580 41452687 3401435151
                                       1122371593 2843673875 2348935836
                                       3827246682 1799968648 201963709
                                       1988985373 2127301687 269364533
                                       3077994144 1666067267 128792742
                                       2360477740 2577512807 1459050139
                                       233536057 239673947 1439092452 329913819
                                       373855923 3426364315 3711826965
                                       2759690105 2594974881 1887163917
                                       4271433326 529421792 37998097 2509720487
                                       3096035352 4198001014 1546589651
                                       2008002611 1434099131 1276070930
                                       2413134573 1673512024 2898914713
                                       562942012 2068474407 1286640375
                                       591101240 2255814783 2831873142
                                       603490955 3470775182 4195043804
                                       3744868299 1033033483 3899679936
                                       793074004 3187911002 848395215 11547208
                                       2879369930 947820558 3630270874
                                       1872598093 3387561017 1230554869
                                       149262551 1945300725 1728948531
                                       1560304636 2555505849 2978657596
                                       1443707287 2135611982 2568210286
                                       1081008448 2762528033 1940195804
                                       2938162889 2188783411 65686459 287711804
                                       3800943697 204753415 1380449006
                                       2205055180 1532366949 416908103
                                       2488465865 383419967 1966084181
                                       1526286461 269911063 1367126257
                                       3511520998 603158745 3363526192
                                       1191379818 569711565 2733594752
                                       4006390152 2215623265 2251764696
                                       2861160169 3046249483 350930068
                                       1255243055 3539784177 3101009643
                                       772041237 4190260103 1595449066
                                       2140223417 865709585 3802369772
                                       1106019195 1831265805 812670822
                                       2822233358 2641434775 4110848134
                                       1590856690 3622391234 1167164278
                                       173488624 1462586489 114740735 120872627
                                       3889976667 4149400194 3693783536
                                       4096587966 575300777 3856897996
                                       2886421621 438294682 3763480866
                                       1004108848 1085710036 519307827
                                       495586806 3749954265 522738037 748745327
                                       3050327914 1194354137 2918530016
                                       2691294589 2332973488 4107885122
                                       3701214819 1784152803 144079118
                                       398023066 361116893 3542548438
                                       4283897071 880026678 3443419778
                                       3566817970 3657301642 2109254848
                                       1783334125 3690882782 2464522594
                                       392472617 2130781478 1444262027
                                       2684179962 2293804781 1649373869
                                       3522974497 1856219174 2335127320
                                       897098247 351118866 3798278597
                                       2768649007 365564345 3183835767
                                       3405756345 295246358 2663828448
                                       2715268710 1180649719 2417264045
                                       829708524 3098352846 1286687903
                                       2000808588 2087442923 6893323 3920051432
                                       3405963217 3117139 894362777 3785254900
                                       1873729331 1199560688 2014049731
                                       3583538811 664094700 1531253004
                                       1770392253 4269033382 2881069602
                                       137523602 4245380759 2249803699
                                       587179811 1406130668 3421526686
                                       2972617326 3897872377 4127155078
                                       931230879 304235941 1493473090 456246451
                                       2921209692 2121023145 3338252679
                                       2700952953 3887613400 851012245
                                       2379674677 2305396056 2285658619
                                       3146835720 2528690115 160831523
                                       3217084607 2195896417 3886809412
                                       463561599 1595227391 3219060978
                                       3537612104 3343299844 3954243827
                                       4160710387 4075460949 2600189103
                                       759310513 1595586521 1272353596
                                       200298879 675505651 601647976 3598211424
                                       1434139293 2460212080 1484220902
                                       1365857654 1266768297 3765580697
                                       2387023302 4104144795 2371136336
                                       1886765518 2025452767 21368155
                                       4186033331 1462193937 2235351753
                                       1755820627 2026180754 2333074768
                                       2754781890 2088049941 1499567792
                                       3972640806 3064080865 3408446765
                                       1143905716 2351243156 1357885177
                                       1082296377 3391935795 1941142778
                                       2407486850 3045202578 3115134256
                                       4130593422 2616159126 2975447748
                                       3110468124 3973308578 3835943910
                                       4208461207 1569405107 1646642070
                                       3706725474 950355055 1478430857
                                       3668210156 324881028 144323162
                                       1291689764 2863271084 1953646764
                                       2311462057 1975363430 3359546491
                                       3661405007 276111267 926891061 53481840
                                       825183280 1653466336 3365108150
                                       3300219080 1714630938 1917613646
                                       3206408182 2314218054 1735050015
                                       107446242 423808606 3572099350
                                       2652621426 2436881072 344435655
                                       3175256372 3963873085 3894086571
                                       3798942905 311398381 3862821831
                                       449337469 2566099904 3359310804
                                       3558104398 798235083 4002421637
                                       1285591033 1404493125 1391282853
                                       417326817 1083318351 3402520338
                                       1136319999 225757250 3456797440
                                       2199722846 4183939995 2525532975
                                       3281048242 2891498688 812672399
                                       227908623 4021706455 2295108749
                                       2684353455 2602579161 2934761483
                                       1829913680 3221930007 2280285506
                                       3004133305 2239509028 757177850
                                       3891640137 3988189302 4003096406
                                       4198819001 3586270778 934862432
                                       2175257913 3225844449 453126532
                                       1043244285 2299523821 3423012929
                                       4191617263 2547830731 1276161649
                                       3174967092 2429719434 3360742669
                                       3234133912 2145476142 1369997639
                                       3039107211 1128247487 3214227466
                                       853518604 1163258121 411207270
                                       1900926483 1576453223 2703005844
                                       452886481 2200973119 2252702518
                                       1433604106 805215854 3346240971
                                       3817147636 2232224056 161901990
                                       2256581722 2336721734 2893498833
                                       57105296 2126081021 2584942752
                                       1675491682 1583054213 1914074349
                                       1186384467 3688753288 1885829582
                                       1431460290 661259540 3003252004
                                       1150840165 2170870836 3494558619
                                       993416576 1631341805 1440268027
                                       2059143480 1276800113 3245817323
                                       2243345933 2887989240 2157453568
                                       1018551779 2821594686 2525608025
                                       2330264086 3178034238 2511507844
                                       3908454885 127176684 3238088791
                                       2102938724 2061788091 1232110879
                                       2461903662 55438765 2891588632
                                       3591753401 2563923067 3735192636
                                       3999880221 1834823799 4271440359
                                       3056674862 1905174735 999751191
                                       3941600549 3849456086 3838014319
                                       2037613451 322988497 4025955340
                                       2187026460 2351372687 3753629271
                                       3493933189 1260908055 3596266390)))