#S(RANDOM-STATE :STATE #.(MAKE-ARRAY 627 :ELEMENT-TYPE '(UNSIGNED-BYTE 32)
                                     :INITIAL-CONTENTS
                                     '(0 2567483615 624 2147483648 3584113108
                                       1911465134 2634703267 3271355608
                                       4205627875 2627326031 4190259390
                                       2227200584 606498813 4012523935
                                       942577109 674358070 543390287 270514516
                                       59986169 2272153580 1289086181
                                       1548268349 3311123478 1623866583
                                       2213594044 3733690588 2902474799
                                       4066206258 56967090 1258334913 635433283
                                       2902466701 4242763065 2095033682
                                       3359591471 337835297 2296945690
                                       630261157 3381609803 267135231
                                       3723788040 1396298226 2468949594
                                       759608773 1346241536 2252048602
                                       1566183331 1145441504 4063162015
                                       3344066036 911604971 3909693423
                                       2691633796 3925196606 2094947027
                                       2838485659 2022670381 3453498399
                                       489135758 1211899443 3549747241
                                       4152018066 1567566787 4113797762
                                       2954860787 3853802483 2670290576
                                       77233839 741024683 330822622 867625383
                                       3901314014 1575723368 991609773
                                       1107836661 3941146704 2817134681
                                       2548377170 128913481 1413550380
                                       368869619 2198101059 859352345
                                       1843035278 1855414277 3426039547
                                       638758792 2817552989 3197478 1361166062
                                       1776915760 802229910 3651980016
                                       980177077 4117340501 364526371
                                       1520243715 14831092 3768399094
                                       1752300794 2406203236 4084869343
                                       1576921996 418672469 2970459298
                                       1681676717 817761041 2141821782
                                       1384260394 2887775113 4253568891
                                       1331077568 909930339 996179708 524906535
                                       2437515276 1719404683 100449438
                                       3173433750 2122247959 2699719981
                                       1117240437 1336816266 3132107585
                                       2643461154 505633611 4165192377
                                       1908854383 266282660 62556955 694430936
                                       3042430337 1369283210 1478483049
                                       1844447565 522340706 2606594311
                                       2760964941 1647960867 25440132
                                       3237014317 3589879017 150726414
                                       2769637664 1396536780 160278815
                                       4214716842 2014389417 1679498725
                                       4106516660 607372748 2779865279
                                       1074911559 4200730004 2328303104
                                       4070298890 3050294523 2487141844
                                       777537868 2547236887 3360109410
                                       1370708695 1545192436 3491849047
                                       2742569370 606935282 894862483
                                       2371323325 78438506 3592379476 820457987
                                       4244085223 1158944606 1269718232
                                       2075772370 4081184655 3763093778
                                       2912287498 381326803 3826089899
                                       4098188294 2811157915 4095646967
                                       455913790 4160117391 1717051345
                                       2363427048 2338001580 1931062276
                                       3064988000 210978128 2285595005
                                       4053035056 1421735091 761895129
                                       4282753279 3746642361 574629596
                                       599163073 3910058364 1840018020
                                       2559814555 1421163314 4811515 1640677483
                                       410964778 3471412627 338233530
                                       1626561048 1997760898 647177818
                                       2601235937 1898005090 3838837279
                                       2480641713 2657106601 3151164766
                                       3671183429 1075138277 298967319
                                       1096432625 3681170802 2420918250
                                       400612435 4156096758 866732872 242897780
                                       3805548285 1891419077 849426872
                                       3888620614 3939040283 3836086419
                                       4214384168 79544211 4246931732
                                       3422940274 2495726215 151828904
                                       4036675618 2456966472 2767987106
                                       680492910 3865789540 1452576760
                                       2070464227 1576202113 1181497910
                                       3322353782 211151399 964293248
                                       4182355024 1585961282 1544253813
                                       2956838739 1367075469 1343557172
                                       1670142877 3668674990 2985254568
                                       2389346028 2552828413 1185751856
                                       2154220989 3235931896 3743222524
                                       1072536282 2459726635 807405739
                                       2889338260 3396749775 1310091441
                                       1492809735 2565167694 2276442866
                                       453511770 2154104548 3627962113
                                       1475326548 2706929323 1244792150
                                       1374121472 4281941761 185102809
                                       2183489830 2996403001 3479807938
                                       4151887159 2811017405 723061526
                                       125889823 4246619084 282048674
                                       4120366541 1222574020 3053668646
                                       2588412102 2193750612 2363912404
                                       1083319321 2337469753 4239622088
                                       611468145 687333934 2662073740 818317054
                                       3445935040 2361663934 1722007844
                                       994981706 3325088403 1080402725
                                       1689460925 2716599112 2069228264
                                       4097835392 1153162227 4268539461
                                       1717817158 2294437795 432767133
                                       1561499836 2816580696 1992398612
                                       2363110081 1561229169 1193984192
                                       411455415 1844433149 3477047643
                                       367652642 25345050 5070326 4012844622
                                       2330293707 3859855869 813860015
                                       3634667479 3524920531 3739651872
                                       2979230805 741189759 2071873675
                                       1898322263 3900479912 1026807987
                                       1996325283 2335202376 1099041022
                                       1010963470 4187513976 119752569
                                       2022929781 2165865686 934422529 76336022
                                       1385934970 41163551 833422508 1414409145
                                       2279353112 3499653670 163081041
                                       1211483050 2158647900 1447604602
                                       2007900428 1856258155 1917160281
                                       2574571538 1594977531 466347433
                                       606356477 240582242 3322582905
                                       2135289222 2322765763 3553020981
                                       2938504681 4047158013 2452535619
                                       3866658942 3185582508 2790492527
                                       1106067897 3629894995 3532520370
                                       472084577 3440768961 3486578413
                                       4095974737 984548019 2064135868
                                       147404172 1664444844 599808070
                                       2906515227 3624626497 3435092050
                                       566262445 1296373723 2656341660
                                       4184873499 579030478 292100132
                                       1880435190 3768120916 1780000013
                                       2818572675 3135090896 2136072180
                                       3249781792 3070553466 1849389497
                                       617638387 2941220912 588567984
                                       3234637061 1797899990 1020806359
                                       2990617482 1783522916 458609092
                                       534321287 476383438 1896997126
                                       4250265316 166164854 1671432398
                                       2301740464 2466890979 1714248237
                                       1322991410 2026904468 3289804394
                                       3021236151 2722649149 2221324539
                                       1036906970 4245442180 17387032
                                       2773650205 3734193106 1049060500
                                       3014027711 1150877702 2271069223
                                       3700198801 86956632 1943104337
                                       2347073690 1856323964 1029090743
                                       3605267065 635234973 2436414702
                                       1510246954 2240724506 3960201532
                                       3733147215 1830838142 1561569973
                                       2450271133 1128712555 401717979
                                       330211020 4101544988 1365572568
                                       3362127141 3786428517 1709248912
                                       3105540155 1387327805 725053439
                                       1737177452 3619473412 3379919059
                                       2986258476 2845887181 4233622701
                                       2964547215 1255232962 4052400905
                                       573662142 3643918001 3724451791
                                       373998191 1247853924 207391157
                                       1141390852 53656942 3164260454 861437349
                                       928503598 3012355991 3958042332
                                       923656130 4165558299 2928721832
                                       2408341203 2770924879 1374573297
                                       2061017879 706836742 2432399446
                                       534977243 708426354 3414592457
                                       1770830782 3240745693 393791566
                                       3806627164 3931001470 1595100664
                                       2644958147 1221089662 262355368
                                       1851811046 3425756813 1975737683
                                       1980730409 2105968949 1787907509
                                       2887856615 1853837599 2353651605
                                       559021812 1366627907 929086706
                                       3570100649 3199644194 3774884987
                                       708741075 4232916981 101526924
                                       3209235023 1749698515 2240507235
                                       2434900261 4047766235 2295143590
                                       338774458 2311818928 3319639795
                                       247059708 1437710610 388934307
                                       2960206313 161208513 4066306631
                                       361853867 1489797361 1033665399
                                       2902280600 1495230861 1483917707
                                       3607839845 2424210449 56658002
                                       3894792390 3596631853 370968280
                                       2496765550 3517991469 2521109018
                                       3878918552 2753541666 2676174920
                                       1973592847 2117001592 3079950127
                                       2890320357 4051857778 885406972
                                       1959433671 2434309115 3284586790
                                       2835925942 2813200771 336730246
                                       2932547373 2288233327 836321611
                                       2283481395 2401062946 2623505085
                                       484284386 2999225067 56756529 3010173393
                                       3908810045 3679674941 2255156870
                                       4277070537 1600862316 1485831600
                                       3688677601 3208131878 1928051550
                                       1403335859 1723319523 1188776615
                                       462325392 2078363596 2042111629
                                       909384975 3066467522 485121982
                                       1210685762 344002293 4159267829
                                       2246810431 1446504621 2653390101
                                       1299349209 383268750 2811415064
                                       2175018534 2954644559 1511531629
                                       666933769 2591192137 1146688206
                                       2892303095 2236197914 4070956587
                                       3936359073)))