#S(RANDOM-STATE :STATE #.(MAKE-ARRAY 627 :ELEMENT-TYPE '(UNSIGNED-BYTE 32)
                                     :INITIAL-CONTENTS
                                     '(0 2567483615 624 2147483648 4065175524
                                       1852728654 3287054741 1909889763
                                       1963160278 1109019235 3256392605
                                       566430524 350634573 1939814710
                                       2330359297 4159696876 3466832133
                                       3921134606 2820715525 2829495780
                                       1060738921 2415670751 1736475873
                                       2008262368 2386776987 2710743740
                                       1093344915 276891345 3115050430
                                       3395184351 1646961387 3629968978
                                       133691753 3009425855 1125807732
                                       3388775663 2387834429 1140394146
                                       3065993730 1544260647 1256209999
                                       995970525 3199672303 3089193319
                                       4037716344 3475381753 620201829
                                       4269820236 598843768 1639144043
                                       4034961394 3629146758 1092266876
                                       3392795877 2203735912 2394358154
                                       2683788511 2550932749 338215100
                                       1068692287 3858267059 1294568956
                                       2011630922 2407620303 1610281591
                                       1532867979 1073594070 3437628319
                                       331346372 2699963271 4064397195
                                       1431535988 4062390713 2159881420
                                       2408604405 1153644738 965756130
                                       2856806421 2239198269 3771956412
                                       1760150033 157700937 3218841687
                                       1336442356 546460300 2562016419
                                       1493255971 3071766941 515366934
                                       2781690379 195683263 3377689537
                                       1456296248 1982995468 1008824168
                                       1096749569 4148248958 889858887
                                       1144619657 353633099 3603886046
                                       1817274635 1002359347 1221054693
                                       1156407725 1215416881 2332371206
                                       2125657373 1386568504 4134536779
                                       2936219649 3791212940 3946598910
                                       3907409172 2134584159 3388112151
                                       3182932436 3854384086 36225186 981779283
                                       3810734163 2787622221 3584395137
                                       160023249 1727209151 3901186522
                                       1255107970 688547902 1637270651
                                       1557967734 3063045822 1665821799
                                       3761126153 1244978378 1068084608
                                       2819497660 2881851375 3700914067
                                       2467746891 1638489729 3820027205
                                       3417157464 700954808 2148565921
                                       737155987 2315070572 1623024321
                                       1641934688 4151529237 718962172
                                       2477848328 1621553320 1202425888
                                       4097561665 3450476807 663350218
                                       2135150305 2957387621 473474660
                                       2119857420 234786720 3535018356
                                       3361463512 658743277 2616245391
                                       1561264793 917025150 3707661973
                                       3677033788 2558910280 545292026
                                       2990823441 542322479 2608288170
                                       2587683514 3550537608 2919094596
                                       2367470951 2870499004 3378173778
                                       321637866 1924891292 1981741104
                                       707462614 3703864161 3355105226
                                       3488187408 3599679518 2850043744
                                       3222046027 1753146347 30204276 483943849
                                       454596363 1306473004 2942112670
                                       902204395 2865061923 3475837101
                                       1919991236 2493413362 2473823579
                                       712523411 4182151811 2948711678
                                       3911501968 2518608341 3115322916
                                       36936995 2209388533 432895210 388805989
                                       1240759640 2050064988 3045217873
                                       2971525333 808886512 2931384904
                                       1251427453 2649018545 1260311094
                                       699829381 4131324733 3978098434
                                       2874134358 257142471 1624915466
                                       3420946234 3738767331 251450171
                                       2802847853 1005392597 1236483457
                                       4010564801 2923364196 677693602
                                       3872859114 4265974612 1761575679
                                       3421189753 4263408947 869276174
                                       1504274263 945828195 1105622796
                                       3598145860 1370804091 3399693167
                                       4013740372 652957269 1263056345
                                       3532910348 3636256690 618639081
                                       123751160 2733022856 3052073196
                                       3122073814 399289524 80123772 627331048
                                       3533142719 1395939364 4238193214
                                       2497280061 2424181842 952682603
                                       2031003874 3174480264 974699275
                                       902094494 49562228 3236772930 2751644784
                                       1374611559 1633377254 1358501325
                                       3253589263 3889585394 710967534
                                       2103419532 3674302135 3157987096
                                       401913471 1928192521 3603975788
                                       4159387049 1352196652 1364205330
                                       835087717 2358623123 1156949138
                                       2903535577 3846663588 957568879
                                       1375133597 4193250027 3880076452
                                       252928740 2222564444 624198686
                                       3062201026 1491805604 846575436
                                       3578615319 167492235 1295373972
                                       2139584577 3871790128 3448488542
                                       3918759616 3453400460 1519336185
                                       2435730206 1952672922 1744193759
                                       1695058615 1231206315 2275551665
                                       2473598486 4133579265 1039505293
                                       1659873644 3864848065 3939298558
                                       1721473420 3004112428 1380139131
                                       3796116004 220054998 1878912703
                                       3515319831 3362970448 3731982166
                                       1106984326 1727081539 2157871103
                                       2505684912 3635389464 2343931966
                                       1932989450 1512967104 803833551
                                       2096797847 4046729427 1450019977
                                       2574017357 1320927475 3419133899
                                       4081663093 3089826518 1419807625
                                       4157055260 2725679705 2571631954
                                       1360560392 998203172 89480699 616795035
                                       2997047783 587742977 4221039866 75145865
                                       1596193285 1368999124 4268113302
                                       1196392279 2885589852 648964671
                                       1968376847 3976780452 583550503
                                       3587480860 3120816078 283910921
                                       755962610 1170355034 813043768
                                       2693378850 3336108002 2174561455
                                       1087486773 1744772391 2762748565
                                       2432617810 3071637250 3787473072
                                       3331954903 1086047778 219586637
                                       3458630836 1845836098 1025831731
                                       3196482639 3884897455 790382670
                                       2965620694 759785084 2971489522
                                       683455269 3085271316 2792142615
                                       3948664693 1291569323 1955572055
                                       2449342944 30022228 549776097 2578176930
                                       3275876169 3783438170 4160032266
                                       3452809100 435946579 301326828
                                       1176690352 2538637436 1380476712
                                       3626789215 1968630776 572535234
                                       3781348900 3938952807 3141980401
                                       1199079147 1275299524 1043885481
                                       431981381 2728759304 153887540
                                       1210461285 3626295421 3411867265
                                       3072779349 2305456759 2895464037
                                       3354646627 1374330054 2153122843
                                       2058952308 3589886044 2933625372
                                       2789907673 3545625052 3016793601
                                       3177893149 982596761 183492189
                                       3934758232 2487102205 1193409668
                                       278641532 3854075876 1243707767
                                       4066009123 1773371560 1954414063
                                       2015829891 3117265138 143989028
                                       2938759949 3954425819 3959058813
                                       2482373157 3970766753 3305212948
                                       529034190 3704943814 10940482 737874409
                                       180934006 3618213555 2036138661
                                       203065554 410427121 1114232286
                                       1523666688 4192341159 3268383362
                                       109127857 3467418889 1778944516
                                       1477661586 1207684758 163387597
                                       810319553 1835397248 967781680
                                       3981392718 4172432284 1278664565
                                       912383554 1702752981 1104982015
                                       844227428 1544177313 1644902221
                                       1737868956 1970498782 3451559809
                                       1567264129 1189958147 4248897233
                                       3714916081 1136875100 2667470397
                                       566168355 512869645 4172008907 819627031
                                       3090940677 3651590237 339219717
                                       2980541875 1821618927 4039527108
                                       2520039188 3723913059 11253601 332392595
                                       1073841649 3621264259 2819914919
                                       1725998182 1658361322 1653538527
                                       52384453 2708830186 1241540084
                                       1276624445 3444032317 4260409166
                                       655749122 2507237618 4229242526
                                       3573072278 2179970356 443235216
                                       617857456 1752775461 3655879373
                                       1038730869 899514067 1128285517
                                       2904594603 148190608 1486580667
                                       3326060052 3127675050 1875154640
                                       3852852785 3157981468 457242570
                                       968210411 3255256954 432245410 288234343
                                       3572639398 1908634143 52368499
                                       1279239029 1643430858 1435845275
                                       1783163454 2236341328 1006961358
                                       219520851 3319938573 1680629586
                                       2537828467 2302576566 1543656038
                                       747844089 3498426251 818218153 105536161
                                       2042794325 1199262637 4154898381
                                       2572579321 3048553239 1027718780
                                       3428374327 890474617 2768880995
                                       1999388452 2072935146 258067744
                                       237649926 3607401175 71381870 2472246572
                                       2178004056 2860221773 1208437047
                                       3937323983 1902016915 2828705213
                                       4201800297 1661421136 1025329721
                                       4133057155 131530448 12890427 4019788519
                                       242135690 1096663962 857158537 396386261
                                       737669966 575057032 2067088032
                                       3204752956 1510704483 1614604346
                                       3171125625 1109063788 1137314442
                                       2488071961 1067373807 2608393349
                                       4144639868 384876882 4099802156
                                       1670368189 1773752082 1575333099)))