#S(RANDOM-STATE :STATE #.(MAKE-ARRAY 627 :ELEMENT-TYPE '(UNSIGNED-BYTE 32)
                                     :INITIAL-CONTENTS
                                     '(0 2567483615 624 2147483648 3132954191
                                       548563570 1684492474 2642397469
                                       2954931914 888619622 2042381907
                                       325901519 2927257469 2741403133
                                       2526335647 2779258564 3616033804
                                       2575745070 2728486370 842875251
                                       721768607 1992836234 15487399 1005973624
                                       1090590052 3458372859 1002265252
                                       3112800615 1624318519 3711893544
                                       2544188324 2649719672 1497845564
                                       4028786693 2972061457 1463101849
                                       3405636120 3074352225 1567903757
                                       3760425936 2063240498 1027769175
                                       3307684474 4283256998 2495415800
                                       3511437648 3457153440 306589410
                                       1098937528 2320468789 623585142
                                       927605680 132309091 3012183699
                                       4047298099 3069310997 485010357
                                       4085744874 3886939412 3735247454
                                       3441736885 3615990732 2422658561
                                       3884393859 926842619 1811437871
                                       1981242748 2616075966 1916535114
                                       3450005747 1016438102 4243654290
                                       2851693482 1858481536 1781406376
                                       1333459225 2665476465 1842104096
                                       3429890979 2014645946 1070193474
                                       2471847931 1978917604 1046355022
                                       3388499260 2516365995 1632481596
                                       4235568686 2769156010 2495097629
                                       2189462241 3606191809 2553805112
                                       3646262973 3980945162 2406100685
                                       1027094965 3579881912 2945946243
                                       2093275555 3548174594 3711490931
                                       2521289778 1662125648 1428639901
                                       695042640 3012321885 4098069295
                                       1010485417 862025857 3489251146
                                       3902287533 1453914596 2136645591
                                       499645477 2368926751 1251925754
                                       3710347798 2706532052 1626751494
                                       1068278611 3358373176 2791727531
                                       2911992158 3768287050 1930874266
                                       3167380164 76939043 3315290791
                                       3915749715 3102067611 696523192
                                       3291406033 4265219340 2507183469
                                       735815008 174130505 3784869884 224813765
                                       2922414285 3907248544 1582126666
                                       2234111135 3717553897 3313432485
                                       2697325716 2781842735 155080575
                                       1885664202 654960380 2919963462
                                       558420361 3781775681 481667787 992141115
                                       1850979776 2505800414 1551541005
                                       2803378931 1998380776 278313766
                                       3596656520 1327401824 1225571730
                                       2569623884 510094973 872459477
                                       1913285445 4113303187 2837908655
                                       116946983 3910546077 497927243
                                       2546554606 3553131179 2894299079
                                       1212275116 194186511 613369018 288102020
                                       842509586 3002379296 3815752704
                                       2959010492 1721462005 3851712317
                                       1330999474 2232052969 3365586448
                                       929577096 4010111435 1347877841
                                       2682678729 3546063089 3810888388
                                       4267424372 2870860179 2694328229
                                       3517126176 2810595084 3243579508
                                       1329356958 542020506 3439162845
                                       992974903 2149602988 3155041294
                                       2445811692 3823155134 288549503
                                       2081495496 3461997569 3630973359
                                       2101965057 715298929 2177531104
                                       4215657701 1827805326 138321574
                                       1657549867 3013286575 2621415583
                                       951390305 3273977241 943334862
                                       1048124678 2663973808 2146367009
                                       3218259129 1401770425 1466340831
                                       740085918 1573400852 1475746360
                                       1656873075 3600803931 3029640985
                                       552984096 792044644 1539634255 803769717
                                       4282771027 1154790617 1253439424
                                       2515748502 1106844333 1178241114
                                       2469665032 2199784305 3495642892
                                       564861201 3628458459 216627907
                                       1443815145 3733208328 2944812815
                                       423267466 2108126472 3550707734
                                       2415003825 3129573498 3840216067
                                       3344162981 2573445414 1886952676
                                       764148616 306827176 277391194 615987154
                                       3827089893 1959800706 3449680430
                                       408335456 4239612387 26826017 3871223552
                                       1348210326 4157676969 1548494972
                                       385864331 2558478274 3517287954
                                       187380682 647552992 355828179 2331966121
                                       1181270970 3526677442 150211085
                                       4079812864 1284238745 2489461186
                                       2468914618 4239535516 3116031827
                                       1946791458 2794894674 2236302120
                                       1495629864 879152123 98414994 3913168563
                                       2618511307 3845584803 207733420
                                       537717528 16030383 2270954033 192657726
                                       3233835606 1137938537 2749318245
                                       1711539646 1686847403 295618707
                                       2049287836 1718542452 1067778676
                                       3895542960 432895663 1930818299
                                       3545118366 1285229077 3416038172
                                       3145743542 2442432926 1216900797
                                       4195923002 2318480846 3137637544
                                       2221032699 1029445905 3714251181
                                       2257081055 3228223064 573103417
                                       1466567968 2089571617 275334512
                                       1691878626 4289172352 3967602047
                                       3404530763 787222620 1993804542
                                       644352406 156693341 742064508 2713701329
                                       1199253119 3312744792 3644924270
                                       1506128475 3839700063 2195205653
                                       3163273531 3435512128 1731357602
                                       3914852960 6276525 3261173526 4213097498
                                       1173584809 1336866396 3747884650 9266917
                                       1257072842 468502454 1397920312
                                       2681221260 3092125795 3448439147
                                       1052547011 3823209118 3776023381
                                       2416201323 546187871 897242355
                                       3219209184 864128473 331998193
                                       3673832096 395436702 3092261298
                                       520657513 1316001991 725801115 76692651
                                       1875647033 3021601257 2842499489
                                       4198741299 3909156761 391618875
                                       3655986916 2773967741 1780327597
                                       1027830687 2652592832 1547130902
                                       2645801586 1258774379 331109527
                                       2004457269 1763706262 1545886607
                                       1746672314 2735512882 327308181
                                       2900775887 3008406964 3815324704
                                       2755490762 587567554 601699543
                                       1785707262 321094129 3116330559
                                       3789296594 3290812566 2846739783
                                       1000735808 2324177157 1048179143
                                       1111224166 1167479740 933631434
                                       4241821387 2429156593 183957830
                                       665328834 4001531083 2743462298
                                       2806684466 819967341 1824457903
                                       3006730838 1540720807 3161611626
                                       3554208835 1913522047 571386895
                                       472214282 2881322418 4146470312
                                       2398607831 4112491069 142925564
                                       1133160855 241243613 3042942905
                                       769252137 4041856780 2247155422
                                       3145797707 4266064532 553732198
                                       1817834363 3927095680 4098492245
                                       2642285355 663783616 2278049927
                                       370621088 2009124068 4082736658
                                       3684553894 957203409 745929836
                                       2841356012 997532469 2064355784
                                       3653346132 1343575840 2603417404
                                       1804014278 3356086145 4108503139
                                       2711180899 4284194011 3885316338
                                       3766502915 1339838000 1395325651
                                       2701268160 1821600083 3909936604
                                       1544237095 2246938242 2858918735
                                       2172313573 1592512596 1592910472
                                       2708998470 1899481157 57696086 313521707
                                       192851084 311556340 810071353 3217093155
                                       2869201252 1000628465 3476684264
                                       4234911933 2703114307 3949418498
                                       3954369842 3462019666 2095305893
                                       3287204786 388507478 3780772109
                                       3489999158 2068262365 1218503723
                                       399940714 696338634 2603903335
                                       3378188515 2963928855 1619450956
                                       1090112949 2899915177 1544472719
                                       2911591165 1292377977 4214758422
                                       896919307 1553896428 2323011474
                                       3503483106 2982883218 1814324260
                                       3314093754 1479994291 3328241894
                                       1889465109 459595307 3432666175
                                       3099882453 3735976713 2338804365
                                       3751343946 4063638840 941567629
                                       2221359490 4142046492 3832860499
                                       2495223096 3227363843 2431719503
                                       1044503407 1522434748 2233645647
                                       1878287202 1900117897 1714656975
                                       849925567 2265582100 1288158269
                                       4005867268 1783765382 2421199933
                                       873814679 2880658925 4088715199
                                       1170972958 2265920638 27211727 554825959
                                       175916631 1794698096 3355784417
                                       1231748378 7983207 2312163893 483507381
                                       319054437 1679199414 1249599866
                                       408123635 4228067727 4149070898
                                       1994269748 1588283543 477926896
                                       3787698883 3607713534 2011765664
                                       619357059 283889793 310611979 1886466601
                                       443732117 1524184718 2949763937
                                       818767241 1782536074 2182408227
                                       1299422163 3187008532 2921232725
                                       413369389 1361054986 3025274622
                                       170766036 1823678406 1440837416
                                       3706737553 3977916269 3937191997
                                       1556715987 328829590 1092417776
                                       690269995 2361438118 671126402 306220616
                                       3051474799 2960450904 1517211320
                                       2271310164 351131225 2501931226
                                       1661719800 1775388903)))