#S(RANDOM-STATE :STATE #.(MAKE-ARRAY 627 :ELEMENT-TYPE '(UNSIGNED-BYTE 32)
                                     :INITIAL-CONTENTS
                                     '(0 2567483615 624 2147483648 3411217748
                                       893488033 25181589 3935322764 3956902914
                                       3868548119 3150935562 318552463
                                       279978135 3089128121 450925390
                                       3579992122 2804513208 1056351975
                                       515841039 2035552654 4195841803
                                       2973342180 143702955 913291986
                                       3228308596 2374421868 106963059
                                       3807428721 1943325176 3312694634
                                       2689226463 72808617 398858749 600361582
                                       2528414262 2834887471 2782839736
                                       2156730358 1870171995 497380455
                                       1017293365 1650831666 1002461691
                                       1636992086 1025852085 905125467
                                       1954652583 479673381 3980864947
                                       3749146960 2602135330 2708130669
                                       236271794 2073395926 2437373993
                                       395656481 1983156936 1162445057
                                       2812723247 581270597 4129311055
                                       401564014 707634911 522164026 4206834834
                                       427919920 613547046 1396156325 536066114
                                       992822029 1031059887 4194504069
                                       3986935917 2086008291 1508448723
                                       1728257737 3744719571 2501337629
                                       3987755241 2249017267 1060562156
                                       1701157456 4260071259 3856878739
                                       2100614839 2639905320 3463887777
                                       2507543595 23013913 3009170321 492285791
                                       4218026060 3964810224 1672385648
                                       807015351 424576114 1171541163
                                       3630936993 3493414427 714152339
                                       2336392822 2984036232 640914880
                                       4257403959 4152522949 2124152762
                                       2534724958 2958665192 1575588149
                                       3387533494 4018093521 3371378110
                                       2602776893 1054239735 2812310455
                                       520540015 2934274324 2355137807
                                       3957745587 74961549 2665057430 721483969
                                       368975464 4141852576 4032159462
                                       1570475007 1289693674 2784060199
                                       2046836865 2633050575 250056714
                                       1444923792 4059050726 1498584606
                                       3869405482 3150461408 327125972
                                       1771580644 3259495987 2763917631
                                       2659254935 1600592220 356748418
                                       3382214064 830763238 120461883 740016310
                                       3901568514 3116815961 1921904293
                                       4294124366 3061498833 2948692466
                                       1178558894 2757749099 2057113545
                                       1366209282 2012782422 2219370508
                                       3161884521 519718341 3287732503 69663356
                                       344569088 1527196631 1298971327
                                       2976642024 3779903976 956324396
                                       2824657906 642658948 2721722127
                                       194323589 1679736145 3782724033
                                       1917066244 1182879370 149793568
                                       3874638298 4293037727 828966255
                                       2855297971 2006497091 3346865124
                                       207185456 783267893 1901836663 631712682
                                       2779475078 1982464837 2996063278
                                       3217609898 2113697454 299135538
                                       2097754885 2571032785 445677254
                                       2018017431 2780777604 2590416818
                                       3030740524 1593233595 1800625506
                                       2094264388 1755527398 2247177142
                                       840438392 4267505296 885187743
                                       4220801409 3061658644 2939489747
                                       3659009757 3452924259 1050800096
                                       225770735 2095680176 4257075719
                                       3958433105 442746805 2000228375
                                       3359807545 364365520 3070729394
                                       1046463977 3767091250 1755332393
                                       3801707328 3496005957 2468925311
                                       168398695 2368946147 2350398576
                                       1461818935 2391803007 3538107324
                                       4077313230 3469987684 1386166373
                                       1717336625 1153393641 3286568072
                                       2435327236 2255337686 3563560724
                                       1533559000 1009363006 2136126216
                                       3909798840 3691464116 2718713382
                                       1173830306 3189599856 2099964179
                                       2694312027 4074017338 2952603276
                                       3123243687 292638609 3399091754
                                       1162930168 3808627657 1941530263
                                       1873281692 1908340283 4054669694
                                       2584928028 1195498825 3803739528
                                       2823285530 4233994226 1354059493
                                       1081266796 1183505917 3279478093
                                       1730596164 4009883305 2994397320
                                       3624425366 4075957904 2103647588
                                       1100458860 2639937592 947079884
                                       4096608071 2225604187 708407039
                                       1537439253 3830140759 1950184386
                                       2687829781 2481580135 3630721008
                                       126193267 643965093 1111020610
                                       1971976530 1638525679 2986561907
                                       1433195559 3639842265 4152630031
                                       2805109910 1568882 655992091 3738421096
                                       3840671257 1769195170 2188988684
                                       2666398757 1073269017 1213188767
                                       3992211148 3450536408 2381763620
                                       540608127 665000196 3984397679
                                       1826329518 284977614 3084174276
                                       1290175090 881323237 3091531257
                                       1834619171 1328842928 4224206707
                                       2350912907 565649566 3663164883
                                       4176805106 1627786835 1013056246
                                       534985837 3259184437 4247244536
                                       936415508 3564530675 3589560461
                                       1864102560 4038720562 3350825952
                                       1088915156 351691176 666706751
                                       1661106704 537709439 959330105
                                       3957588058 807916007 2601540717
                                       1435059792 999764275 3713441224
                                       3371631812 2478297304 4287146675
                                       4274381791 3306203424 3608090460
                                       3326404600 4293916547 627545141
                                       1367743832 1728567854 3539179993
                                       4108488037 1919720630 95005789
                                       2516273349 3919280111 2003116683
                                       3148688946 409082679 1789884829
                                       3240230116 1545176490 2751454878
                                       3543293370 1422823077 1937932910
                                       2042062968 156897515 3633442 1941534341
                                       4159267742 685637577 2763953706
                                       2199897927 3333103010 1792314909
                                       1532195806 3462980517 2019212582
                                       3830851067 3311627793 1942829860
                                       818997698 554802804 2934118367 720702218
                                       1626721188 3793218585 3927738890
                                       4002263341 2644725908 4124751311
                                       1118903251 3967681575 1154920410
                                       3776714125 4109227675 1605837362
                                       3436983640 3557083841 1004209576
                                       587061714 2034746198 1989260171
                                       1663486544 4202317791 1211254536
                                       1730784628 2348787925 1701416643
                                       3832768579 2206975102 3624976102
                                       471963792 2384598499 529846009 210919548
                                       3012689500 3352511139 3738975974
                                       3561791275 1657603253 3595706806
                                       1137323448 2488432905 3500997071
                                       1636383726 798410234 3807356303
                                       1521818673 209498489 3003465963
                                       2672040895 2656850234 3682083938
                                       4169074929 3985230826 3586261132
                                       2060947663 384166675 3224905147
                                       1647337629 971767329 3038187730
                                       2549395952 3808026594 3880932894
                                       20470404 3941045215 251093924 3831909906
                                       2162012076 795322806 2012588899
                                       513587066 807789071 853970776 93619400
                                       1641777326 2763927645 1662297556
                                       1856462870 1870507317 1275480562
                                       2556207794 2396815520 886500547
                                       3553494916 260898063 291856811
                                       3996346124 115572596 3247864117
                                       903713323 2415836702 3173229035
                                       1956025190 1410110569 1529867476
                                       2402530274 1937424328 423700659
                                       4154941626 3478211952 915652854
                                       3026613316 213699904 3229449852
                                       1643866850 2714410426 3178561771 7028423
                                       2620323679 3580380843 326983316
                                       326537302 2055174667 2102895396
                                       203737212 752984301 3683635958
                                       2732175252 955339097 1012310338
                                       166899345 1985586544 2932935346
                                       1089175191 4289410683 2914616711
                                       3351782397 1590788596 391651898
                                       2082577836 1858027447 711015012
                                       2982973000 2503836930 708722955
                                       3462626320 1225953200 196578482
                                       1986193639 3583026463 1940979018
                                       2981686868 3183558579 4097684317
                                       2727549803 878473605 2902277504
                                       1146126777 1713287387 3396953988
                                       507799636 1797108598 3859676955
                                       1643140832 3816663135 3622933098
                                       631280000 3559894857 4046438519
                                       3721557626 3314555834 47465461
                                       2694599662 3273449398 3750563968
                                       1103019845 317663777 377560809
                                       1530785888 892972544 1234165132
                                       2443432482 2530673071 391706591
                                       3433053488 444051835 35846022 3984935625
                                       4237556581 4210435590 1120927726
                                       2798276413 5195341 1508384450 1513095193
                                       36806515 741112432 1817583172 2699272116
                                       2993201298 786987810 2824229462
                                       2003976781 1774269062 2580821905
                                       459092654 4105305451 2976935958
                                       2641211527 2642318177 2299349319
                                       3482364004 929589349 1372937685
                                       500497628 4133131304 2572472953
                                       2314859794 63966712 773252914 2706012678
                                       2492266559 3016492464 4100913778
                                       1506052524 1218459254 3661131766
                                       3594787247 4046215315 3108124364
                                       810303457 2949926657 2592745801
                                       3711086746 2323623487 1299542846
                                       1390076685 1628478256)))