#S(RANDOM-STATE :STATE #.(MAKE-ARRAY 627 :ELEMENT-TYPE '(UNSIGNED-BYTE 32)
                                     :INITIAL-CONTENTS
                                     '(0 2567483615 624 2147483648 1221097777
                                       3430424467 2949944164 4057112771
                                       4151256082 1821749778 381362540
                                       1558000121 3887796438 3488771654
                                       748605195 321489769 3605384577 366485530
                                       3711389527 339341238 1976904639
                                       3181233986 3847401826 2958769980
                                       1249334777 1539934644 2229071622
                                       1556518098 3888587434 2028820869
                                       1622527934 1317557827 1766585298
                                       2745125419 2282740273 575222637
                                       311186821 4071247474 916449478 321357114
                                       2480425176 2355321147 1902044856
                                       3661654725 3501444732 2053172823
                                       4063718013 4254583979 3985670422
                                       2930218773 100038132 68719611 3603237090
                                       1200326926 224494174 771993179
                                       3449040519 1568503299 4024849050
                                       2000385810 4100854695 739472940
                                       3917213298 159541733 343803431 846371149
                                       552361292 2257970718 3528258582
                                       277257648 3512298810 2323977927
                                       2696964293 3708862498 2800340381
                                       4228328692 637508862 3259426147
                                       1365818006 2169769577 670235846
                                       2104342768 3321030115 374054703
                                       2401102488 2939230808 739999254 83572086
                                       3205018619 2462502044 458376687
                                       4294324544 1205641864 2938775729
                                       3856766148 2385998246 3203858861
                                       3586555819 1131914743 3903314036
                                       3205020681 2492207392 1164175156
                                       3412926257 1047329981 2596168404
                                       1514688801 25638004 611711840 2789262590
                                       3155477761 1564453436 3892858686
                                       3613544285 4276211353 597154277
                                       1156089862 3594629758 1463554746
                                       3341067116 1289895122 2798526720
                                       777680896 3247954498 2339637249
                                       3980115629 1838222110 4092020159
                                       3542342597 4187653927 1228348281
                                       2572104572 2450595056 2799550149
                                       1364569168 914419393 1501968359
                                       1560233803 99434224 2155580977
                                       2288802369 2755514089 176691334
                                       3417359387 3917900987 3831517872
                                       3638465942 1091175172 1821434200
                                       997380274 804120259 2113017492 669314101
                                       1399385871 519388328 2790259579
                                       1157637343 505118841 1829510880
                                       2030667906 2986409168 743352619
                                       2460878296 3596312837 534725030
                                       160845900 2789086524 2458658201
                                       3408128088 3893247963 2285857987
                                       445161697 175521339 3971296195
                                       3123032528 3046064583 1676152841
                                       2416327387 1490226970 3348959441
                                       1962791002 1953371002 2891418447
                                       2857457617 756315607 4103769438
                                       3386938517 3314621078 3770571630
                                       1142147017 2262392183 63305572
                                       2854249683 43729707 689604384 3821280415
                                       3277361497 1180556669 919672022
                                       1161064579 2792263095 3137849969
                                       1380060717 3949416219 2018641175
                                       80701116 1846214022 3017824299
                                       2347955382 3602878798 1343484036
                                       1193927484 2687984598 2230507162 7263049
                                       1599114502 999883348 2298390319
                                       1166046713 3236995161 1509841840
                                       1027750766 242105312 314509702 408202647
                                       678989785 2838107542 119737879
                                       2606088782 3261446470 3642081173
                                       135542614 1812771686 1484893760
                                       2914395064 3651607119 2550846677
                                       3604302127 3962954902 39280101
                                       2413276880 995364303 976060032
                                       2036103998 1934559967 3182812963
                                       311409544 3292255574 3202967349
                                       2996973632 2548111197 3518186935
                                       198070666 2958560064 3900457621
                                       2285232379 3930239527 1399013207
                                       4058039264 1029148901 1781355628
                                       3410449514 980058596 4223598929
                                       2027963357 3865476439 2906006315
                                       158691362 459941229 529762296 1092426311
                                       3271576455 3290432380 3965648762
                                       4291370431 3378122295 966386033
                                       2440367609 3312999839 1971961777
                                       2338649517 2461444740 884678035
                                       3541128857 79856495 2745722727
                                       1603846479 3719544811 3151648424
                                       2281845641 1853603205 2796800966
                                       1307668403 3636418800 2470001591
                                       3826781385 2152586738 3800705011
                                       222643245 2379639652 1212938489
                                       3101464731 2332062669 839784495
                                       2334091422 3897093725 421957757
                                       1420261705 1309082132 4232383042
                                       3556521438 981108113 1541647594
                                       3694907021 3688133851 3163106465
                                       1315382221 2125865467 4281260153
                                       3881803247 3915877471 1369938918
                                       811447253 152629849 3310295857
                                       2565658279 3341861043 3853306433
                                       1131623016 4215787857 1502391834
                                       1835042608 4249100567 266064397
                                       440144934 2139055183 1257155089
                                       918574147 1628157139 4128604131
                                       2690892914 1410183389 3192522250
                                       3444081356 4191453913 2850257830
                                       479748445 2577671204 3259745267
                                       2958771603 2852917166 2161022738
                                       1290633639 2106953489 845237199
                                       4283880404 3785617701 812608596
                                       1446449870 25305267 873707353 1399222306
                                       1010422889 311854323 971835061 189709721
                                       952272336 1624670462 3740517299
                                       3294060781 697728935 490162847
                                       2242372353 27548564 1004185251 65663727
                                       3782671664 1498084502 4038266945
                                       4185612234 1337445330 2810867921
                                       2871535540 865670277 3961227824
                                       1514353338 2720021638 328257964
                                       2078899150 901555082 3813675426
                                       750893023 1417120399 3305655089
                                       2109999351 1169027846 589635616
                                       699943622 3719305848 3281214479
                                       3700889373 2446669767 640459719
                                       4209256776 3971024002 1469670636
                                       3471497521 11119692 4217578582
                                       3803259608 644010837 4279470769
                                       2155885606 3133937458 1975768544
                                       3876953949 3415271671 2161096884
                                       3167929298 2341241569 1741649574
                                       2444252408 3747887992 3682767032
                                       364178305 1766518898 2671248458
                                       1185465610 2785129440 1417310248
                                       3350389068 1194498340 1914487592
                                       1052878435 881623243 3265454436
                                       366161494 406433540 817615914 3014399028
                                       4092990621 1692537564 1005069673
                                       2477013423 768123754 942582314
                                       1319841764 4079765357 3567812462
                                       3068116003 3781743896 265488509
                                       3690195348 423598175 3637048185
                                       1953930097 3649052937 3716103517
                                       3235700400 2997068140 3251979096
                                       2915761359 2049078936 4054922665
                                       3977180590 689954828 34852080 1691572904
                                       175938238 2941798369 4167404763
                                       1099947992 2629942376 3935371049
                                       4278858604 1461733132 2741107453
                                       3663011806 1106703285 1690039769
                                       3013920637 1944857174 2469133817
                                       1443003118 4063254092 2333111312
                                       1231839142 480869945 1410830302
                                       507039170 637267151 91828485 3612947977
                                       3789214662 4148627619 541989728
                                       4131257229 21097807 1689549803 192352620
                                       2201003235 228232921 652818667
                                       2248031604 2533311616 4092603541
                                       208374471 1917111979 3090147147
                                       2294692421 2830797875 2139368317
                                       3822355900 2432961211 437042601
                                       3287203626 3982189727 2598210428
                                       2282968997 2789034421 1724854770
                                       4239288610 4251664948 3640724952
                                       55435020 900669457 3276949146 350187832
                                       2361406414 671984018 4111087299
                                       1837179404 1212018590 3811680155
                                       1264371258 2002079238 2929820330
                                       1552960405 2194703750 2410988946
                                       2518657644 457154387 1271921370
                                       856387832 1025719685 424457003
                                       1550093513 2953888707 1686792812
                                       2714512304 3765432559 638457933
                                       3759065700 721498489 214300829 609374894
                                       2356026220 379364002 567059118
                                       3623048847 1586043520 2351510108
                                       4036185290 1889145205 1924918441
                                       2889169693 951774834 2487242916
                                       454400328 2273282984 1586267653
                                       2693641627 887221416 3121777768
                                       4196282289 4291839311 3418871397
                                       3909206405 824413656 3875440997
                                       4232225877 2145020993 91489331
                                       2273483568 1877041037 3096253909
                                       323364760 904397342 2789425196
                                       3640078552 4021866955 648322911
                                       3451157045 1641499962 3801571440
                                       2006482151 1136405679 2064097473
                                       2980638601 1278414164 64065806
                                       1737751880 2594068582 3491384897
                                       3879715797 4002100516 176830001
                                       209918754 2598991822 3134511521
                                       3252247698 3801225461 2252141289
                                       2605713530 1607053788 207838566
                                       1490099560 2383509996 1881668237
                                       2899046847 384162708 3395228632
                                       3333061214 706093157 766331792
                                       2882664355 717407743)))