#S(RANDOM-STATE :STATE #.(MAKE-ARRAY 627 :ELEMENT-TYPE '(UNSIGNED-BYTE 32)
                                     :INITIAL-CONTENTS
                                     '(0 2567483615 624 2147483648 2461857076
                                       1867674972 3319679764 717824168
                                       2270487027 2406520579 2767911607
                                       507203970 2150903185 457865873
                                       2701564254 3078017854 3629783427
                                       2398628749 167836731 3369160460
                                       1086867990 3655709770 3235233492
                                       1577119272 1626304099 381963646
                                       990215327 2943829428 893996353
                                       1967628744 151530708 2681650691
                                       4201117359 309991192 633159047 913640205
                                       3374776855 958071336 2355202349
                                       2609984171 187027771 750062606
                                       1303225631 3934668114 140644838
                                       2684048792 1324715903 3648266265
                                       381008885 3703718024 1737561463
                                       2709123022 3553605854 3368124768
                                       1479237542 680622338 222739132
                                       1768122580 4040556669 2052139753
                                       3377328798 2605853242 3175987561
                                       1034469016 3669512052 1231957537
                                       910055783 649062659 2892676992
                                       1908928651 2085177122 870298980
                                       233110940 4103165301 831422359
                                       1783251992 1304528346 2725582415
                                       992572732 4090964077 1642667800
                                       2384073500 4145538564 3828964264
                                       2027628380 110776845 1151408347
                                       2813956475 3073836017 4040119003
                                       860131296 149159386 2339461663
                                       2860469380 1680095823 2409426585
                                       1423086945 3555830578 3352927847
                                       660385628 2429325447 3263768661 87085922
                                       1525652144 682064877 50811456 2316453803
                                       2501123746 3948529111 1116413455
                                       1423672395 3753912063 1517898557
                                       3578239343 3735075934 3591167 3605839869
                                       4149774884 2155433355 1085492291
                                       2901581421 1780999981 455386898
                                       3021378060 167910527 2270573553
                                       755664957 1876213301 295458603
                                       3534353777 855248498 2243523933
                                       4280417184 1552424178 1476252829
                                       776422874 1642300625 2632129501
                                       1737360081 3834172823 2572999727
                                       744784274 2700878827 1781192160
                                       1032657658 3163019006 3155385269
                                       2624615500 341350255 326322148 237739082
                                       1106125358 1318918266 1248357968
                                       191564099 2064686509 748350153 614923096
                                       1919780614 2630415072 1847699830
                                       3493505506 3172653249 3643160382
                                       3945510863 1637931563 3601224331
                                       2260546454 271554708 2523523504
                                       2167939652 3875295444 2740411426
                                       1248403443 1994775943 2118046061
                                       630444649 1643694141 3124757733
                                       2502121108 2122406937 1838263941
                                       1323031824 3360313054 690819167
                                       2101209540 3147215915 812633872
                                       356044327 1423228592 54571143 1565690868
                                       4150973451 293511467 3817102324
                                       4161747831 2454694893 2017925448
                                       3408873799 353502263 2618565700
                                       799959365 332528682 529299393 4160611302
                                       3373415055 1894380535 851341342
                                       1348875365 3383223910 1433627367
                                       1274064060 3149855000 4065282924
                                       3591618810 4112333368 1150154705
                                       1596047151 576141076 2496795941
                                       845834975 3496661581 44247972 4151807044
                                       47144698 1875915683 1672569818
                                       2911075683 1867086178 521733822
                                       628584753 2607482608 861690044 160698378
                                       2256136136 554448032 587748331 418433469
                                       790956874 1692048403 2240961269
                                       3452205028 4197510972 3671820636
                                       4175972193 682377231 1331130116
                                       3477942206 573667430 4134630376
                                       3131608510 3104008200 2930300613
                                       275814529 701829631 3345238578
                                       2381534851 4249798318 2372272009
                                       3985200134 2791859293 2670431263
                                       164935023 3769421878 2020515420
                                       979678143 389942372 4213242938
                                       2575334319 1066595373 1333622818
                                       3414218412 2484480036 2534244790
                                       1014251061 3644752749 4083079086
                                       2630778780 2629266359 1380784287
                                       3757186185 507455384 3883278379
                                       3306378302 3432382327 418046420
                                       3206931997 3463448823 3183853422
                                       3874892310 778997065 1848224371
                                       3778901678 3191169748 2670957528
                                       4226750354 81263504 1289733587
                                       4198197068 500833531 126099901
                                       1600170998 2368168126 786799961
                                       2075224930 1303741239 879534369
                                       2369556151 2311168807 1506484400
                                       1638468993 3257429337 1619126922
                                       2946301678 2227038060 1429374245
                                       598445306 4111819958 4104940604
                                       498543616 1053574982 501707008
                                       2546024341 2587904245 1369693079
                                       1727138282 2684419802 994815701
                                       2182541447 91981653 198891924 2361047108
                                       1179312937 3563181335 2938054922
                                       1724213060 376206034 2670314845
                                       3347520420 1118578421 847643856
                                       1644979812 1539268483 3706608916
                                       3394638118 1823344646 2622692602
                                       1172438345 2271842430 1524470829
                                       2968004524 1218868958 2839160478
                                       1371035956 1888406557 2862766268
                                       3620907816 3253136055 2088800512
                                       2426250966 1100976624 2687372742
                                       2617255749 1758532695 3296116441
                                       1601692256 2160357944 1667870965
                                       1598739199 218093767 1387849796
                                       466309217 702813932 766778219 484731413
                                       2992651387 2831366038 1454660761
                                       3361725334 2302441602 2402490140
                                       1619814938 3725103636 1688782320
                                       547402201 120657677 3012552279
                                       2145691729 3165751733 2130836395
                                       3197969757 2152842732 956691399
                                       1560041391 2545387317 2737029803
                                       1835936226 1381351542 2573394344
                                       1496331824 59507862 3549165802
                                       3784688296 4190446260 2274763214
                                       2745714960 2153489855 2911264284
                                       1299424435 3932509009 3894680960
                                       3568569117 3241928444 2491034061
                                       999395625 1069917729 98011271 1554048367
                                       2879070235 4119820423 4128316780
                                       1431206808 3757569703 2496200884
                                       2540246196 2469546076 460802254
                                       772380996 2398283224 2187046384
                                       3243641530 1824045704 72557372
                                       1893075168 2056487754 2737232614
                                       3392266093 2781988689 2300806681
                                       3587112248 2715755905 1911721819
                                       260490994 3988853955 897492781
                                       4037808035 2264134107 3161547484
                                       3903925427 4231678493 47994442 542855711
                                       3868716393 3447216040 2691109157
                                       4205726139 1942061588 1439773121
                                       2423572107 1347530017 1931212335
                                       3589940792 951255551 1938966725
                                       3857530200 1733443486 1351566964
                                       2755950118 1033231770 4188957504
                                       1724443632 905494657 2524925055
                                       2208172218 347872307 3526465762
                                       292853025 3427047570 2150906900
                                       1795649491 2410768181 98659721 979126139
                                       1256802944 1893606882 995171007
                                       4212621758 143590871 2995339676
                                       3707729284 4161414397 2477098014
                                       4134996328 938994397 3598300913
                                       1911913204 1207546514 2069539068
                                       1649145125 1585223485 1328588463
                                       409423634 1805785482 1995395533
                                       2216162057 3010272799 1209604924
                                       1238390758 2228389810 2392460985
                                       1714010611 3609524960 2515435696
                                       798011845 3161424871 3890862609 15594229
                                       3007196388 1823304374 746636929
                                       3470263752 1112177 3861835659 2394957132
                                       1403553080 3310430611 726484701
                                       1328971145 469085439 231247407
                                       2368762866 1850370008 1734494587
                                       3976334782 1408563590 816071856
                                       1630880814 2911345051 2191311989
                                       3263872600 1402580028 1617694706
                                       2430550697 3532210574 380212459
                                       3486448859 680293574 2769745144
                                       1059658551 2888442016 864401473
                                       332102222 2096874996 3127630100
                                       3774581933 1719812125 661108186
                                       367564777 2309429528 2388169004
                                       3762725119 3677209075 264401500
                                       1904449465 3790002285 3913131401
                                       450069505 3258052759 323888267
                                       4109530194 1278782708 2940237947
                                       3089821890 2941790853 3893773545
                                       142731028 3440363941 1939220865
                                       349857107 1084655550 4029261518
                                       2125665797 990730359 405906036
                                       1148890142 3748685428 3861871522
                                       2923373642 2004709647 1932640095
                                       3223274488 2896074244 3336254540
                                       1532255302 3935990717 3854017963
                                       1205300002 1676310487 1183063870
                                       1477061109 1797112939 967361073
                                       1297615498 524147623 3236729289 61150916
                                       1766639194 824596138 2000332556
                                       2907592346 2363915018 2861991448
                                       270215798 4154612694 409917034
                                       2474682637 3933917302 3161769845
                                       4087097704 988289583 1281524486
                                       320086537 3818731869 1685412388
                                       3073515079 1300638064 155227455)))