#S(RANDOM-STATE :STATE #.(MAKE-ARRAY 627 :ELEMENT-TYPE '(UNSIGNED-BYTE 32)
                                     :INITIAL-CONTENTS
                                     '(0 2567483615 624 2147483648 3384037673
                                       3144506290 3064928515 719599042
                                       3903056318 2777284297 1934660670
                                       4001179530 478426838 542191549
                                       2414544365 1384712146 894885464
                                       1697872098 977100817 4266296574
                                       1707411686 2492726720 2934811021
                                       3366108474 3095770099 1081666692
                                       3711411520 2494085421 3190687880
                                       250691367 2677561387 3328007970
                                       2548415404 4132014715 2336654678
                                       3514878633 3082755385 3870101048
                                       262702979 4220095555 2227235058
                                       4132534694 2881046556 1313698856
                                       1965405634 3641840864 1926706542
                                       1498484148 487655231 3530539584
                                       1067864863 3808390831 1817853615
                                       3565684663 2612808562 171600790
                                       1507068625 932470217 2925702334
                                       3255628339 3595910246 768910569
                                       2304508089 2437670331 2120503898
                                       990383702 365591926 1021063870
                                       3289069426 1723060650 568264184
                                       3860861614 3468073192 3335906137 5841188
                                       624574952 3520709875 646899726
                                       3499859052 278763444 1226773695
                                       263502753 954472963 2885895467 592379927
                                       4078021994 1732204579 1459308212
                                       3080308741 2144034771 1821795303
                                       2232591535 555218013 2990310527
                                       3639500413 3813991112 454525654
                                       1329160199 3131008827 191417667
                                       2502647764 1079218474 2741418318
                                       1217758778 3132089230 3542841158
                                       2592303252 4028339941 2446042864
                                       59505101 4245878663 4013657971
                                       3233473693 2514468751 3630648100
                                       1775447616 2830947966 3871817508
                                       3689680845 3587902123 3812487491
                                       1895410532 1113253955 1904694429
                                       2930598102 3820912406 3642110914
                                       1269043693 3465220932 3535762723
                                       1628472184 1209345225 3179114411
                                       2003377445 3124416953 3829106637
                                       2931182318 2439127602 1748099103
                                       478002937 3738269792 3530146134
                                       1874693368 1041758783 835189714 27875028
                                       323075094 2158215016 1377654665
                                       3557327236 3288484667 2957526364
                                       1883735394 3208600438 3900478683
                                       278070247 3510173742 4175964569
                                       1832619609 144383760 908586396
                                       1540649184 3078217193 418811487
                                       2593857927 2204934080 2573434602
                                       12372521 1390333020 4050047642
                                       3502991920 1771500547 465155226
                                       1053520257 3142641943 3546905114
                                       3926379806 1603476866 2486259919
                                       3691185434 2895306429 2819818737
                                       3627407653 1394018177 1960511111
                                       2691864483 3945803598 2901276232
                                       875683107 379159793 4023864967
                                       3708412398 2452987951 1028816739
                                       2816289070 481633056 947380766 958447506
                                       547775353 920444908 884180580 1145983253
                                       34674352 3036357444 840863156 3839734655
                                       2648171180 2144897902 1663234548
                                       2724145643 389277791 691055782
                                       2414842889 3277681591 3564892590
                                       1850619414 2423981890 786122948
                                       2251943633 2110390618 111040602
                                       815527061 226161385 1249125589 621401683
                                       3352839172 1349987502 3154364818
                                       43513901 3220608881 3270262183 390638433
                                       1487065015 2674102146 2434153153
                                       2490731089 4053568318 3499745102
                                       2043053976 3748935338 2932236093
                                       2330371204 1571689393 3873638260
                                       1935721901 4183439473 3536283015
                                       3974716354 2950666457 2160336764
                                       2467998939 4047919087 173382717
                                       3275542763 2208318689 1231138415
                                       1931904377 3731568451 3398285427
                                       1595664293 3985741003 3448394243
                                       1096650208 311963987 3112793796
                                       3257743932 2178362964 3445937262
                                       3423786642 369260570 428217697
                                       1348746737 1741374148 2860646561
                                       2447197167 1964595527 3796754898
                                       3675394068 412741775 414149206 491924072
                                       169458323 1875659548 3014471485
                                       2896294093 1262348086 2504307963
                                       3261853358 1568378088 260700530
                                       875479315 4228215332 4041961029
                                       1983232359 2421436589 807303447
                                       2600357101 992372166 123997137 560263630
                                       4007599235 2816936654 2614134847
                                       3531937484 3596174563 1850735336
                                       1181772198 3194129397 460095524
                                       3377129651 4051642668 4179739426
                                       2067533640 3319541472 3163156378
                                       1461804308 1988463224 1052225889
                                       3932685041 242158207 3410631278
                                       904711078 1159999236 1205674839
                                       2117543292 756484257 1151746378
                                       2806030886 1437654446 890836980 49139595
                                       2756297919 235227526 1906503051
                                       4290942532 628674778 449444141
                                       2861133308 4238457412 2419772991
                                       4130754308 641094580 3698536665
                                       2913160575 2308783650 2512491839
                                       4273056992 734809470 1579706911
                                       3336660545 4116727831 4080620698
                                       299566188 2229894614 1264556238
                                       3841605736 4244990631 3746865522
                                       1336258039 2196514177 3472245085
                                       200923936 2597578356 3962648499
                                       4088713909 2360240868 4134077097
                                       3235807478 944395013 352370854 963713042
                                       2459745828 276616215 3431736037
                                       2191336400 1855436594 2771490056
                                       1548359678 106033168 2543653922
                                       539451480 205263750 3928298795
                                       3494874935 4152008452 3647275215
                                       1527205904 3045395238 2125985029
                                       3567873987 3221185473 1000530894
                                       1597018026 1733772711 3229063277
                                       3787954801 3953009628 3257033901
                                       3177962986 3303305093 1125560593
                                       3576677970 3625080520 3238037741
                                       3155716440 3398562848 658334263 3650275
                                       2674925605 2981396053 3328056459
                                       990639990 326655960 2127960571
                                       1207764703 842843418 1736356398
                                       2109662198 2387756915 1914680558
                                       2192789845 4034371343 3817341850
                                       46756664 882579573 1332869005 671687040
                                       3050794068 4283224042 811226220
                                       1312803191 3442388359 2294516276
                                       842006538 3974653928 2163245364
                                       160671558 3627747085 3894541363
                                       572074258 2918717085 1698827721
                                       3158457019 3483616888 1718733786
                                       736102534 3418132935 408569540
                                       1894928304 120916349 2564636257
                                       3881566276 403555196 3886678844
                                       386830488 2990589082 2548956597
                                       2592978318 362980938 2816331333
                                       1788258042 3339434841 1975631559
                                       1433608949 3052775316 2986444689
                                       3224529176 2887121135 3346868649
                                       683372641 2544169286 2314832913
                                       3746462065 2384280288 3629115593
                                       2119983702 1550648900 3594590328
                                       4263065593 3430981852 3892622281
                                       491462576 2388379166 193212754
                                       1807859281 6662805 1763969604 860742572
                                       1466493844 3533249728 1565281501
                                       3452726967 3217854671 310335498 90524932
                                       3469529267 3348707396 1868520798
                                       2455692430 3010012946 1891221826
                                       4056600207 3538308254 2394650186
                                       312274606 327215922 2208927390 654493685
                                       3955918437 3947102893 1364737079
                                       2469058330 2529976540 2844802003
                                       2274682072 970373178 2772984685
                                       486769215 1304061627 1311601888
                                       2629875888 3728039602 321660566
                                       1655356706 3536873367 3430857519
                                       4196414069 519228861 4172095657
                                       418205194 1302613689 2495583801
                                       351659155 3556814675 2671544667
                                       2913124309 109275135 1553403384
                                       761897849 944793907 1815144532
                                       2614039953 3561926404 1298965038
                                       725679182 3781925109 1308647406
                                       3974944959 713907130 1109037590
                                       2818388217 2533665595 3993915628
                                       361868153 1473466514 4034486057
                                       3503690559 1407021497 3672357509
                                       3929938646 1153426368 2528555521
                                       4271671565 996764250 172351049
                                       3842814219 90732461 1982297094
                                       1856169624 302902214 2431191361
                                       2895414749 4118583439 2478071127
                                       3803546430 1912989473 45752030
                                       2191731162 2195142802 1725678133
                                       1584363390 4225684826 72820951
                                       2823725400 2988910224 3034233216
                                       1346109046 1313846028 1170755768
                                       2509789520 2187423359 2321466554
                                       3961400297 817600699 1636181150
                                       558819643 2656836437 1285381788
                                       502412591 1293771713 1678934459
                                       2238485033 1352536361 335281386
                                       2357450695 2983900510 113203607
                                       546461201 1123602457 1481054174
                                       3651079078 2205691161 1907472680
                                       789311705 2451027463 2525628553 9448352
                                       46844848 3587950396 20547829 3449871160
                                       971578108 2029135255 3606377957
                                       667577979 2910803905 3380256317)))