#S(RANDOM-STATE :STATE #.(MAKE-ARRAY 627 :ELEMENT-TYPE '(UNSIGNED-BYTE 32)
                                     :INITIAL-CONTENTS
                                     '(0 2567483615 624 2147483648 3222197618
                                       3665185155 3860855655 2905718881
                                       83099707 2831076967 3812717878
                                       2865984770 637950369 509035655
                                       3768261258 1561237726 2190413050
                                       2690509188 2063954199 319608635
                                       3686166609 4024418845 2468945720
                                       1074103401 673026720 3751016921
                                       1155107751 1547179771 60485848
                                       2925532022 3229089900 2673452137
                                       1527237440 1220111221 262179336
                                       1691506860 1966031042 2389819509
                                       1395598098 2355597597 1021232883
                                       980403534 2178162166 2484639 2077722224
                                       378078320 3873794642 151443394
                                       1284984107 4234646251 3132306330
                                       83365418 1804445079 3954641236 399330381
                                       1292229669 2966549034 3771626561
                                       3003802527 1702503207 1884642886
                                       1158431819 1445820615 269457010
                                       4000652439 1113089243 4120277640
                                       3258106882 2380743333 4241598633
                                       2138213814 534496643 3328831920
                                       1951145732 445916513 1338068983
                                       3743450363 3315604419 1533341502
                                       3081852644 306826392 1385725342
                                       2454270459 1670050462 3832886087
                                       4089216293 3368211186 374846353
                                       2418428608 2702866938 3873866851
                                       1229319785 2719415019 3097515041
                                       1126994771 2761350652 3312362 1447083991
                                       3448632182 3897151973 2075966379
                                       2067979156 2622742084 1892584737
                                       164407479 3806916426 1626902864
                                       2592848262 2203556175 2691594272
                                       630856423 3019574295 431346473
                                       4284743121 2341881838 3653193878
                                       1107383243 2675574154 1339296069
                                       2588210929 619939578 323443532
                                       1198937576 1979571202 635853567
                                       1171057416 2492300903 2127748844
                                       3915592579 3204727373 3110945684
                                       2392189384 3357488834 416184385
                                       549638138 495749576 1114500099
                                       2119427645 2627463146 1300747868
                                       531069870 565754266 258578660 2520130034
                                       2553218062 3965770315 3497543989
                                       431128498 644016140 3371474694
                                       2838254479 3731304115 2467712782
                                       205975537 264124415 145228235 2601613823
                                       297821346 2169487912 3326227509
                                       330339783 3059502493 2792532094 26682244
                                       1780047394 2402834691 2787061376
                                       1926250668 2524448854 1023579430
                                       1729112266 1338994767 196241386
                                       2786568112 1102225838 3450459815
                                       3307909963 1136914488 2064480493
                                       934283447 1102438760 2922561569
                                       567277101 2771779845 4166625514
                                       2433968511 4187118871 2661132450
                                       749263479 3957012270 3510695976
                                       3603654003 3497221201 3055756574
                                       67481566 2545208457 470825795 1804296882
                                       1716805063 3792924193 3267184654
                                       340508820 2927661060 2372092285
                                       4239164721 2672643367 790740428
                                       581177443 1109147938 3462649704
                                       1013549314 1990761782 1319069590
                                       1888955033 102549161 3690310154
                                       2982608223 1795942311 2717538254
                                       3971058766 2782110016 823990998
                                       1949927983 3098919342 433158222
                                       430759061 2489421640 2399785662
                                       2535611976 2498158701 2471340862
                                       2725090106 4252063164 2636294095
                                       4034173566 18028595 3636725786
                                       4169670833 2797862268 2824292214
                                       1010478473 3752031239 460543838
                                       278362031 1272264436 4278098162
                                       2878694615 3793203724 3556856379
                                       1781238002 909767620 166235899
                                       2872550829 2171229572 1011955763
                                       50479296 808694516 1459707084 1148482208
                                       2690822152 1139603294 2955303341
                                       3861729747 1626629563 1431768592
                                       3499282031 2646480036 511131108
                                       553603896 769814540 523292330 3574340559
                                       4259349285 1134077875 3360979432
                                       1675597483 1056407865 281018168 57172056
                                       2432948394 2150977777 2707549706
                                       3144787831 2183198964 2667383493
                                       1669861212 2223812011 1253077421
                                       2546805373 3570558539 1995396851
                                       798614795 3755863113 621397923
                                       1092412840 1374001353 2432855457
                                       743698886 2808600271 1733948291
                                       2595541782 1095584708 1237295699
                                       4276821184 1841374985 1615525893
                                       434529266 2772683973 1608839351
                                       1876547997 1348839473 2074771955
                                       3281479300 2043187223 2696093340
                                       17752691 2548554718 337895818 1055640136
                                       709042938 1305963032 3757800555
                                       1599487226 2500928085 705202964
                                       3677827240 4187405726 3684184586
                                       740506429 2937770351 1283057493
                                       3969537978 310633311 2168414712
                                       2261648854 1948076553 187382657
                                       2346706330 2824836822 1172893040
                                       2595769541 3021082148 1534913783
                                       2345951769 786737205 1825304326
                                       3675794025 2275397492 2302331544
                                       2476600023 38046086 89243160 4263372039
                                       298752695 2125434324 3482443426
                                       3732284528 1200511359 768688774
                                       3182573440 4213898572 65412174
                                       2432334204 1624745201 1279895856
                                       1923116470 3718609283 564986317
                                       3184290103 3786096370 3993799634
                                       3648497420 3669334930 1080315961
                                       577427488 483745142 40435704 2544685158
                                       2657612253 3832402312 1513909035
                                       1055331375 4141527865 1078045226
                                       3154369923 1672324531 2155315412
                                       4000032822 2676887059 1873073868
                                       3235788508 2367021586 1169457367
                                       751800100 590245105 1659145805
                                       2176886040 199190573 999290714
                                       1860309148 3698561020 1577782538
                                       1882571817 973318784 1507901306
                                       3116468451 264159608 1963277624
                                       1181134730 951865756 1865983270
                                       2681842907 3483669484 4210457325
                                       3111837638 3467390758 3286140716
                                       2382750942 255231858 2498432184 45026044
                                       3801367207 639871497 1423440872
                                       3901788493 4278103257 1540753636
                                       2532959428 2569947699 2213024510
                                       2583104514 1909733530 11009495
                                       4248398784 563234943 2027536983
                                       2511826859 3747380118 1706583284
                                       3188727927 2160204594 497884709
                                       3653021896 3647670546 4069278056
                                       2391345992 3653223824 707295529
                                       2142864313 2356323437 819327065
                                       1326900758 1446781511 2535065813
                                       2349858361 1722395297 1729031717
                                       2539512251 3183875274 1220075516
                                       3721300746 1330098678 960498796
                                       3647981501 3680940472 973284889
                                       1461313669 2957953823 1824979299
                                       2479028369 560394297 2006987849
                                       1525657666 777640880 2397530812
                                       2770332620 463799589 2092359180
                                       3218034324 266582195 4009105290
                                       1480897107 2982542039 101084111
                                       117879458 3074274821 4021684220
                                       2322114755 1847616780 2016554987
                                       145322398 1765500306 1141471777
                                       3272894950 3358387418 1755666193
                                       2105629506 3767056421 3614811723
                                       131068798 1726602237 2963639469
                                       1368339385 96222882 638925178 3815780447
                                       3574123911 2651173700 1657063673
                                       3861350088 2687734316 3421694213
                                       3211071584 3611113961 311541787 87313278
                                       2027261182 1583628819 2454730307
                                       1009518656 2848145591 2755664841
                                       1411060670 2632356711 3522458438
                                       3482153672 1534928765 486955900
                                       1952692603 3502029596 1564321447
                                       4090309080 2672470227 2170082943
                                       282403517 1269766782 2964979417
                                       604136826 3656801165 2126443768
                                       250321044 3568183495 3839782972
                                       1818159171 1169518953 2637012342
                                       3918584456 2547738645 359561245
                                       2366284121 3376427801 3402305296
                                       3924904752 4112364571 1493627905
                                       3793660244 3183876075 692260825
                                       2361866559 1459237661 1494809327
                                       3278416212 1625742967 3701023734
                                       3534485153 2820983520 3166954005
                                       23631076 1252394831 3394635070
                                       3865623736 2918533360 3602647432
                                       3222157013 3054390642 3753217890
                                       577781994 200694552 2393442686
                                       3732981955 1089269780 2837310534
                                       3663887277 2199336428 1490151029
                                       2281983797 2668894596 3225473296
                                       1292260825 613807417 481691706
                                       3626696810 234415065 1871733298
                                       2316074282 668675954 2009891418
                                       230467685 1497750638 4284508280
                                       3222434381 3298580556 2361734874
                                       785327638 2180713113 3811450965
                                       1778675048 3305411807 1792096775
                                       1318690021 4090044750 781518741
                                       854937330 417425165 1878603942
                                       2372063578 3843392602 3187530882
                                       3265995130 4030518742 4026821225
                                       2892699838 833882243 2196495774
                                       2376970300 294233831 2635735376)))