#S(RANDOM-STATE :STATE #.(MAKE-ARRAY 627 :ELEMENT-TYPE '(UNSIGNED-BYTE 32)
                                     :INITIAL-CONTENTS
                                     '(0 2567483615 624 2147483648 3173290869
                                       3848523393 609804013 2113783721
                                       2229586821 3448237722 1451004250
                                       2354768751 283450885 3048166284 97418148
                                       1720567917 60171181 3639840888
                                       1080415551 404790745 3305717705
                                       1200829657 4077126214 276658014
                                       2994840971 3018150885 3175549037
                                       336674946 1102520213 1485355728
                                       3088723548 402212157 705262297 384928782
                                       2296717949 1155169289 2973958281
                                       942217176 4139893250 3697108192
                                       1463812711 3888735405 2428460758
                                       2774213817 3133792182 2122716443
                                       2224866115 442200471 1331665920
                                       2825966925 2602183612 3570778724
                                       316671716 98724571 2535216923 625808164
                                       1312327861 4014531889 185326595
                                       787800859 3443265617 348162679
                                       3895592734 732194829 376038762
                                       1340298293 3842428014 2952923044
                                       1567937700 1600105172 1840596145
                                       2240368786 2341584437 1221241345
                                       3940037997 3525143157 3015383416
                                       1540870629 284842317 2886648010
                                       4092957707 2781145276 1896888900
                                       3164731398 1593891692 2587805273
                                       2322286360 3255235802 2865007310
                                       3037726067 1196458914 1830963998
                                       1750208944 1296662601 3383389214
                                       2728339782 2942354989 340380968
                                       949970986 210595757 3649047685
                                       2830804423 2272343117 2198930837
                                       3948637843 1655078731 674824650
                                       3120343938 2249329452 3187573330
                                       160541590 2962519319 299515800
                                       3547499086 275606729 981527520
                                       3389223690 3892106433 10374378
                                       4066612672 166073133 3029288900
                                       1517785299 3957890738 2107763103
                                       3158365536 4205436025 1318409268
                                       2113120591 254707060 3299497987 52551593
                                       2786933280 3190545552 3494587612
                                       3057775185 3894860118 692521720
                                       508598765 3877485368 1043488597
                                       1519924417 4101523959 1942330169
                                       239447461 2863624850 1962482580
                                       3518570300 3042492419 3468192802
                                       2874139755 2657692677 3672817938
                                       309395517 2130324642 3032282194
                                       3613693018 2249581672 326807915
                                       3588050250 1113698194 2574685917
                                       3704337209 1893871846 1044399847
                                       2874159541 2289711659 3025272937
                                       2409342136 1904790094 3757967619
                                       148909074 3278209987 3460095419
                                       3431945714 1093214669 3828425790
                                       2160648636 4249333095 2361847044
                                       3292581960 1122448602 2441477525
                                       4234955004 1710358025 312270843
                                       4146136099 833613526 2081808151
                                       3795949924 3904720363 3267497453
                                       3761604590 3687324358 4056941032
                                       3480470500 2919166851 3694685986
                                       1479833283 3485936612 90816008 383835705
                                       136643299 1269369385 3760866691
                                       3807633791 3607723840 1137448134
                                       1457686545 56502139 3469497433
                                       2386964989 1412632608 49296322
                                       3586256772 2231115521 3199964192
                                       1907093659 3151830611 2823942084
                                       786027670 2395219150 3748647570
                                       548670327 3495636230 2764459612
                                       640627334 3211687360 1798447699
                                       3402291664 339215286 2820707037
                                       2242874725 3010046651 4021783430
                                       585463873 2698210847 3403932332
                                       1309742557 594427672 2106495488
                                       3008428872 2901363652 2000169448
                                       3775626995 3723409104 2674043965
                                       3447904238 3554321185 141805138
                                       674857300 1069762154 3492480911
                                       213406234 1760974028 266019383
                                       3663644558 2626046022 1473940427
                                       2488760973 706286331 3670493220
                                       3653001106 4081381267 597760234
                                       4179829519 507216939 703790240 148841060
                                       424982838 697054685 3896178944
                                       2420204680 1436614441 2813023956
                                       3724416590 3520854448 1369775252
                                       328072063 1731575246 3950781322
                                       2755853038 3472087087 2251080833
                                       1358080824 497199470 4043283136
                                       1902606263 2330359102 3466399903
                                       2519994373 732449470 4172954109
                                       3974372647 2100851838 3218273295
                                       306876732 2491784197 1363533707
                                       1700051062 3817519789 100138597
                                       2357706278 379180064 3807157564
                                       3903015181 1047376071 1195465605
                                       2277278949 1881018108 429641014
                                       3666535464 21100188 2035888426
                                       3405704707 462292241 1426050382
                                       3412881527 3083196442 98309416 388415336
                                       3385585727 2277307814 403567995
                                       2039291112 1765130376 1529661440
                                       1174723182 2370147875 704240110
                                       841358128 3413736668 1956006748
                                       572611338 1787571805 793501615
                                       1726876138 1250749595 692729241
                                       1972295086 2306442569 1482356885
                                       4083933783 1806150021 753950607
                                       1563691192 1662684362 1848773152
                                       3417085960 3523830107 1284325428
                                       2110150751 2175967339 4149098521
                                       1395468233 1744923286 84823651
                                       2137453176 3891396564 2038903669
                                       2154594497 4243722114 3220286591
                                       716863772 1575961816 1461456831
                                       4118235434 3950867361 1485563059
                                       2884087373 2222881381 2257061427
                                       3841603746 631532332 1594334158
                                       700516125 1686710819 2422602649
                                       1587540851 4023242670 1098609556
                                       3655540744 2009971388 1252961243
                                       2603839277 79585257 3511899203
                                       3599209937 3778100778 710680161
                                       1576245365 4107465883 4172750468
                                       3180129724 2736087063 776945328
                                       2138368909 1990032672 4096815035
                                       3612205720 1090906189 1852234658
                                       1766073983 4188398055 180625688
                                       1734692592 2817100473 1125378056
                                       2717308097 3834113021 3751342259
                                       3166367618 498503789 3250294771
                                       2889438565 1567382300 2816033517
                                       2188724913 1122596253 3925473708
                                       2858797892 3726557492 3209062261
                                       3087259709 1118422867 1931012206
                                       3817363996 1338020727 2352023910
                                       903423989 3921343137 466857493
                                       1039524471 3966804909 4057400197
                                       1696778623 2567423781 991820638
                                       2011443099 224055186 849782433
                                       3392068479 3229301297 2882320014
                                       475846557 1738065203 1244862587
                                       2097026274 3997936007 3571718243
                                       347524897 1208496104 3606715019
                                       4252135610 543060294 4042276673
                                       4017062153 760521363 177536608
                                       3696788446 4148199782 1701616889
                                       1177276740 1539029075 1842519070
                                       2809913697 876659821 458145162
                                       4281772306 909893795 2495418811
                                       2603695511 1001453848 500960156
                                       1672669420 910961564 2701280011
                                       2139345770 203872620 2195036083
                                       2146635346 2429291369 4132219787
                                       1438634749 3101458892 1710868260
                                       462590460 2552864498 1564765045
                                       1241302918 2783060055 3381037976
                                       4045398286 3097969375 2385941785
                                       3691540725 1909304404 1819275339
                                       3049298715 619202980 1959524459
                                       2301080606 2610183291 2113704423
                                       4168316906 2600692471 598536455
                                       1777444193 4048640151 1410535551
                                       1512424185 3168266197 1943560537
                                       3553523933 2218529792 1054632756
                                       3055123940 2900064959 1359662022
                                       194489831 2197530166 3256011431
                                       2100146574 432917754 1818143381
                                       1041204710 2202678919 3090727652
                                       1307469591 3139696718 3692417568
                                       3441314104 600645236 1132945080
                                       3879220383 617157545 881724679
                                       4251970512 3571259930 78388653
                                       3424909745 217310465 1848514060
                                       1155027681 15186937 3748904242 159193530
                                       4124699274 2885127730 3178518289
                                       2647889101 1753273914 3823388971
                                       239013544 2260068435 1115097999
                                       1926938948 3433308213 326838496 20529050
                                       3385268906 1869591755 308723297
                                       1334735420 3275272688 1228304910
                                       365413753 1260042760 3734615252
                                       980979978 1165048693 1847618891
                                       2848999703 259382684 3277489395
                                       4099507350 774675578 2071767310
                                       977134898 3853339658 4044356060
                                       3255993622 3699182528 675965024
                                       2088487461 34457529 2621337571
                                       1653607777 2526690469 2304530613
                                       748515534 1892836989 830316144 599941665
                                       175357458 1606326262 132547153
                                       2221491087 146024655 2286713149
                                       4002192558 3204949016 895329379
                                       2899202095 274225031 2636487112
                                       4201926366 1421873510 1873507912
                                       316206674 163240428 2088134013 386771640
                                       1510625589 4073826069 2224216838
                                       589417180 580233367 893948482 1992070212
                                       736709831 3465862657 3266115358
                                       4022260021 274172392 953422712
                                       3384452430)))