#S(RANDOM-STATE :STATE #.(MAKE-ARRAY 627 :ELEMENT-TYPE '(UNSIGNED-BYTE 32)
                                     :INITIAL-CONTENTS
                                     '(0 2567483615 624 2147483648 994624062
                                       149349948 3170287686 3611202612
                                       201990340 2811121444 649837072
                                       1735467940 3511103766 1179382669
                                       1024993215 232927236 1139640462
                                       2589248614 549922946 1786974178
                                       3878981263 2107536057 2898931055
                                       2308492537 813543456 1672906248
                                       3406576878 3893478684 1665226747
                                       1734171542 829641938 4070561428
                                       2135971672 2137376633 600754522
                                       2415204030 2348315128 2536317555
                                       3425474173 1733322906 2782930969
                                       2811414630 201129010 1699869189
                                       1149876439 4245132996 1702373252
                                       1044783722 1971794526 3037395500
                                       2836442735 1039448173 1929467351
                                       2745592964 2281529988 1960290477
                                       1643864931 3716749701 103605254
                                       801969663 1721758631 4007670844
                                       752980875 1812966875 2897529604
                                       2358442503 86590170 532345114 1112790022
                                       432120415 3415541909 977646643
                                       2544981756 2263718729 1176507836
                                       1182923799 733469606 3418116295
                                       2056219125 773433216 1231159394
                                       2819159087 370542720 2399547497
                                       811920277 4096045944 917287923
                                       2475735295 3585932658 1047296055
                                       3602027571 1269004725 3063076376
                                       770619223 1205950715 2390163127
                                       162022819 3867961026 735757953
                                       2508818744 1271786511 4066109671
                                       1538814010 535940315 122793380 642495972
                                       1553330716 3809207981 2946719826
                                       3349150307 3327360061 2977069190
                                       4073401220 1096609475 3165773407
                                       3593285888 393431913 2543165052
                                       3276312745 3401242301 255160532
                                       615273198 3218852679 616796784
                                       3525941787 3713565878 3397496560
                                       2258004748 1290446788 944780838
                                       192603834 463333064 1840596681
                                       2249949067 21725267 3296562624
                                       4010262254 657689261 1735695305
                                       615853976 497347129 3006621798
                                       3805274325 1617348534 4199408099
                                       867804948 2983630046 675898018 433421383
                                       1802654350 3887430214 1043392574
                                       2739972218 3225721754 402348091
                                       821253203 3916620271 808548875
                                       3093451663 616554652 1404325246
                                       943613228 3239406935 277929517
                                       1177137347 2107771921 2386061382
                                       2589230835 645224210 2464362410
                                       3417470642 137088924 4253879446
                                       1550161323 4174902932 1009793198
                                       2745883536 1218274129 143329659
                                       3227553313 3622477883 3712976621
                                       2311980771 3633985231 1162847438
                                       1466968192 126748065 3499649814
                                       3793282247 3289984464 1514627936
                                       1038994855 2403819580 1204003827
                                       2420558648 1749954612 2446854462
                                       3144182971 756755338 3273144367 24198362
                                       1552929469 3949735985 271159161
                                       3769139874 2335090533 2159970029
                                       2742803598 1784025452 1281245102
                                       3673797529 3200124852 3913769192
                                       379185640 2775761907 926358755
                                       3239727055 3281029223 1836490233
                                       297800566 547255952 2658225588
                                       3869767735 3393208161 967925269
                                       4057394234 749928919 1080432822
                                       2177408704 3586910752 402737193
                                       1210241093 291201694 3601794788
                                       815417759 1104370889 647384245
                                       2666411002 2187548447 1889708426
                                       3103936266 2772538967 2289860166
                                       3295423141 2287381729 3275798908
                                       2469827450 2353859749 3360169721
                                       3650127197 2458679893 670752845
                                       3174083909 4257713219 3954060646
                                       2726408466 148041688 2940114910
                                       3946209557 394954205 988762286
                                       2505240416 1787551159 1935919165
                                       3963630456 134643512 4141250156
                                       3543352318 335016068 3485249746
                                       219223455 2196974115 4207438725
                                       3176282548 3384240830 3047880252
                                       1123361828 3749186198 3495640947
                                       802593312 4013043582 2577279050
                                       1364654428 1153090426 110217319
                                       3190095571 1712595324 2924845191
                                       648716631 3778202424 1777384302
                                       453263461 596436732 2755053395
                                       4143149193 4272108759 4171934266
                                       216934044 2543596919 3919993397
                                       350583609 532476389 3586956438
                                       1320586290 1457257364 3677130742
                                       3822233236 1923774414 1419976150
                                       2444611122 1836004292 1361071690
                                       3727001123 3611626670 1149599257
                                       4290666974 3920875369 752016191
                                       2786254740 1885669488 3779101493
                                       1762773554 1336285601 782729960
                                       1652890512 1265392538 481119924
                                       735547794 814153984 2694361570
                                       2042349819 2904117021 2612946648
                                       2183972604 2776109787 999342617
                                       3361957524 2945299577 3931148084
                                       946282810 1512463830 2729012478
                                       1227067066 3253845467 3206225389
                                       1063210610 2232051845 4079385513
                                       796845140 476900389 188676133 3645303127
                                       606697202 3594473265 690450278
                                       1996416362 3217776028 3697828096
                                       2183611884 2165557289 1345052973
                                       2217044303 121130740 2290172457
                                       1396387813 2527358793 1935514972
                                       3721368137 2299089159 3187132524
                                       4139947348 3834994405 97329094
                                       3760173950 1843233660 3641270638
                                       3476128508 2969352613 3638276703
                                       1358377000 1642099269 104525509
                                       531180041 3319669079 2042192218
                                       3434378335 3332773065 4043970755
                                       3654983292 2495784809 946103016
                                       144220312 2541784967 4032866777
                                       1616702302 3065480357 134749004 19599444
                                       1534968170 2284811978 3183638197
                                       2762549405 2152883862 4253563711
                                       1646386857 2165649443 2201430719
                                       3619668339 2259556827 3933924860
                                       1266056628 385696914 149505239
                                       2239051759 2658484909 310338877
                                       1616587400 4036873328 41446603 591626109
                                       3084635480 862041741 3874002245
                                       1241680539 3855333505 145906390
                                       1063368731 2340709076 700929046
                                       4071595682 4234837711 2644442701
                                       232789814 1254500892 2129738143
                                       1579675267 252890336 4159944384
                                       1202946300 2166446779 2574333360
                                       3315230378 3064650187 253702220
                                       3465444744 3026203638 3528904973
                                       2555914971 2258321784 3812597646
                                       2306778523 3357918752 86274523 63876575
                                       2839278458 4262264808 228366724
                                       2021186054 283898648 3369923004
                                       311833231 804374824 1145956881
                                       2626969785 3635757330 3699612505
                                       3142856043 2817357734 1086024376
                                       3349437932 2901736428 1732303027
                                       2354494086 1702736504 3927614830
                                       2916495496 831917880 3750406474
                                       1121381878 4274300761 231547710
                                       934748826 125149360 3531200733
                                       2628068187 1155335904 3172929127
                                       1527420219 3977854836 1561090581
                                       3646946888 2006231087 3935045264
                                       1932770325 3312179680 3824663897
                                       1085499966 2451600027 110669495
                                       1618610735 3355640331 4030800889
                                       328460484 3574676120 3788452614
                                       1683307213 3262209981 570163411
                                       2072948017 1283006029 563691440
                                       3755017736 530804312 1936866982 13794371
                                       3433559895 734936826 389503761
                                       3875526345 1014843370 663751840
                                       548741362 1268136835 1522167491
                                       2993568368 3342096043 333377785
                                       1967559449 3146416269 4280632125
                                       2071076859 1506107359 3423783368
                                       530583271 3193909730 3014392474
                                       1767689913 1933324548 318196296
                                       3916998317 3603278587 2782338472
                                       783590474 750095779 2910199614
                                       3000596182 2147083185 4264879544
                                       3545060617 1509777131 1395783420
                                       3906761730 2757376632 1461277804
                                       1163434759 2791279075 3196931158
                                       1094767172 4031128210 3801606827
                                       1684638141 986942542 3172533828
                                       1999065256 2259642958 224400968
                                       3936643792 2451474521 3474100741
                                       768285481 2697788723 2664632634
                                       3090565181 752598405 3464043438
                                       2997958180 2193907701 20486155
                                       3216822313 2206185942 2262530724
                                       1860094392 1691585699 4117304219
                                       184239508 1956873196 3167901472
                                       2949246835 2500138154 3319253900
                                       2692721296 147612407 1130111075
                                       2053454960 1500834257 3568733377
                                       1505303716 1424953854 3906020383
                                       728326387 4172700199 1524091634
                                       634277415 2083081075 3657935799
                                       273528139 2486487770 1681068896
                                       4105343317 606291170 2480613809
                                       116103240 2978938882 3012583567
                                       673738800 1708681483 1844664185
                                       1950470839 1967921244 988470203
                                       3367011053 1936680903 3045107549
                                       4283850857 1248327194 3713413521
                                       2644210040)))