#S(RANDOM-STATE :STATE #.(MAKE-ARRAY 627 :ELEMENT-TYPE '(UNSIGNED-BYTE 32)
                                     :INITIAL-CONTENTS
                                     '(0 2567483615 624 2147483648 1556532378
                                       663138571 2657204674 1760452543
                                       2283780683 513757480 3068835287
                                       213440338 2432036792 907000566 453503512
                                       2475331015 1273388180 3931013136
                                       2992343218 3101845139 2257977609
                                       172877681 996093147 3842077241
                                       2473778198 3762676560 3765296118
                                       3650995528 1478835018 1185005947
                                       3183134627 1163046563 1248861252
                                       2598073707 1985539849 2258960843
                                       1026408084 4197503851 55927638
                                       3017818478 4122744758 1264239681
                                       3455920856 1110512520 2449938046
                                       1528206278 931558736 2800814900
                                       1416167558 727044098 2116775892 53320573
                                       1817034549 301124497 1440744277
                                       2353782118 1316926032 133952467
                                       2591212288 534523021 3428142565
                                       2476328368 2816048781 2857570269
                                       1334313570 2362162968 2014483691
                                       2530214849 2940085915 3765358196
                                       2846383927 667971645 553549832
                                       3040735145 2727405880 3718214925
                                       2323743194 632694513 3226514760
                                       119971222 3117687307 1530012909
                                       3702933091 2481965116 2045998068
                                       2806330166 4155319160 1532696645
                                       64501579 1254421028 880930608 1410932677
                                       392328484 3960582910 2085273946
                                       3782938093 3988828228 219811214
                                       3984705912 3394042418 1396534746
                                       3205188549 2040979640 1081074511
                                       3984039657 1513639277 1943694180
                                       2231663772 1033097292 2252946620
                                       4140253118 2564755 2585748800 703046487
                                       294996441 96665235 1163597332 856639818
                                       1626042346 2345671663 126116595
                                       1165702350 900965038 3748551552
                                       1126868349 3350806910 3803552760
                                       1018523617 1842859359 3432653710
                                       4060757180 4137739613 628377410
                                       442373582 1277811498 1645602152
                                       3556593585 801973337 1043920703
                                       600647056 1579501355 2497983372
                                       4159702881 2066643317 1259499935
                                       3459312433 3048051417 3836596215
                                       3013148501 3324824192 322562401
                                       3993173250 732482289 2951162250
                                       1959112195 482738371 1479284194
                                       1038380073 2699126823 723004384
                                       2416454966 4186825193 3658473435
                                       4021546527 4129153195 696687329
                                       1869378302 634682118 2701001228
                                       1626742227 869452562 3033226232
                                       925913469 3954887064 3183807789
                                       1299118481 4093598827 3313029101
                                       1222815084 2474319902 367745179
                                       3519272002 614565337 3640167042 26202708
                                       2677437868 2010217878 707905159
                                       2871302478 3691428865 2548197562
                                       1141217553 3415171816 378516967
                                       4085554847 1175135892 1128258183
                                       3377761547 1179775954 577456999
                                       2235235337 1699652328 1630207033
                                       701899643 4067595054 2696950126
                                       1784273384 1749635771 1291855370
                                       3882601075 423044147 3375364905
                                       4118551841 244818341 1130330507
                                       3795986193 3585323458 2616815621
                                       1435216057 1769583389 2760558827
                                       158391927 1158576766 2933190040
                                       3559448180 2151799117 1097045042
                                       1335947550 4158557666 2105841273
                                       2482074138 2780143295 483299051
                                       3274021386 1964923372 416997612
                                       3800504918 3371385980 788896754
                                       1854254827 2028971538 4236570732
                                       4153217592 674199770 4263513976
                                       3056425380 2507069884 3583223645
                                       747557082 787849547 223276226 1907948848
                                       4018598835 107749794 2299492325
                                       3861306216 948732381 3015600252
                                       361045858 1271597957 1763116263
                                       3458809383 1757289401 1492042595 76292
                                       3234046779 3881041657 2578144924
                                       1392559266 1548217975 2555925033
                                       3792733640 8691598 716449516 3048716156
                                       2602938555 3259874821 1215473162
                                       1142315212 4161973718 28101588
                                       3243877166 2131650245 3365366312
                                       351176603 172858128 678596728 2194677632
                                       578569479 2795721716 3839648045
                                       2108541589 2409274927 4066943003
                                       3796083816 1561652862 3486254985
                                       1050874993 3328162711 4008240179
                                       3045750164 1448730570 826118158
                                       1808018580 230198469 295278941
                                       3655562172 1972444466 4268833040
                                       2039882473 1281035290 447068444
                                       3627749958 581922855 1107514245
                                       3060831259 2961473200 866402572
                                       170137369 3169962356 1521536890
                                       1467168627 826173786 4267824992
                                       1343984073 466050879 1949066821
                                       2450064183 183058800 208678076
                                       3042410411 2181612724 2194105896
                                       546682362 3828617550 2724820709
                                       399031421 508673869 2779675043
                                       2498283238 193008177 488590618
                                       1459704853 3123139475 2613996304
                                       3257234346 3842821378 1559450273
                                       772542171 2020066173 113039427
                                       2842727188 3385406046 2307101579
                                       424469843 2430021291 2330109027
                                       1085755782 2639751435 4197356936
                                       1001255565 2689462861 2403339435
                                       4218143966 3824829991 2907233431
                                       2531559121 3972749547 1621393283
                                       2593883112 403385943 677574826 104374442
                                       3546277175 2448128724 2336909078
                                       2262019490 4150737724 2685351243
                                       1555426118 643808909 1138440594
                                       1339807322 2016000977 3421323170
                                       2377073522 3479377282 1048660355
                                       2620378993 4141100506 2682239495
                                       147803218 2791464991 2878437078
                                       2781659981 2486524105 4072364885
                                       2862568694 750632396 1314617304
                                       2178482778 443292260 26344625 1777952819
                                       3081272434 666765762 2160705940
                                       3437611034 1011131081 151683880
                                       3467639280 3252610629 231156729 77117132
                                       129534256 4160856615 46079146 3852533995
                                       3631755473 3050785337 2217750736
                                       3383584333 3109917020 1547507060
                                       3858853937 3385668327 84287122
                                       3714527852 232552857 2650706656
                                       518751752 1333087559 2390526202
                                       1814575544 1755870166 2808257276
                                       983203759 1993909723 110452053
                                       3339127472 2623803562 2180300798
                                       2271690049 4261667043 1427142852
                                       1699810306 3642642437 968874452
                                       3272238629 1234166839 3774860214
                                       4197552057 705527519 2368759510
                                       3479316516 1439484713 421198599
                                       1299655027 4293052527 3589291313
                                       3042504010 1793033656 2625246244
                                       1682415380 539358959 2240651155
                                       604205925 656218704 3440821349 382017939
                                       2420457314 3476784731 3520363963
                                       2721174643 37200807 3220546161
                                       1287500776 3554155828 2393013600
                                       1736196577 1335150415 1818670218
                                       4214302074 3156643894 3210267976
                                       3393318562 1669149981 2648567187
                                       1086366229 2854004295 1250524749
                                       2228033536 2279171538 3202048469
                                       1764877383 1362016484 531295815
                                       389384197 1193869855 1949552743
                                       3587597066 2208461792 681556301
                                       2722800634 4196280325 2359208720
                                       569732533 352331699 2228379145
                                       2199952390 2509661622 3508670004
                                       3239365815 3491710859 1716540840
                                       3274857850 981873186 1929439299
                                       1438602311 654741128 677695695
                                       1145654254 2980357930 2419993426
                                       2338898912 3538933076 3241489113
                                       3694554005 1290905897 1826245556
                                       939844596 1645126656 2996388049
                                       1885798260 3184762479 129025164
                                       4003032812 3876794322 4241110082
                                       4010275262 1864214976 3497098381
                                       913453709 3006535639 3115404126
                                       3521034865 3565513913 959884383
                                       4180921829 1087642711 3223899947
                                       315820463 1296156872 2709697837
                                       1787579192 1600585758 291672048
                                       1217154130 2137947894 40587885 756874838
                                       501450856 3499619697 3874339069
                                       3559147158 3322510863 3091851022
                                       1940425462 1243320274 3015613980
                                       1961109236 2203710020 2698930315
                                       552300529 610426386 1903929229
                                       3016286272 670802369 2002484650
                                       580085792 3106406106 915489227
                                       2034905643 3680979548 846380231
                                       451964535 1730021912 2220292313
                                       936703866 1171866848 2093243694
                                       1739729949 208335154 3612698005
                                       1260565275 583060655 2472352102
                                       1059111748 1030352218 2659502515
                                       4011998248 1809657395 2399349951
                                       556332389 1196102211 2430610657
                                       1769165172 1690684786 1463446259
                                       2515983825 2106655357 1186714784
                                       2715823960 3693886970 2963757084
                                       2132328848 888214184 4173559177
                                       1816994005 2088004185 422768227
                                       1636030076 635593089 3542661057
                                       995455542 3146707727 4153375816)))