#S(RANDOM-STATE :STATE #.(MAKE-ARRAY 627 :ELEMENT-TYPE '(UNSIGNED-BYTE 32)
                                     :INITIAL-CONTENTS
                                     '(0 2567483615 624 2147483648 1810809267
                                       564326737 1797443886 3949090488
                                       3321188927 3007451863 4158301550
                                       1092565664 3744029414 2417394224
                                       2284710597 1435436669 3501327274
                                       1531435248 1337528441 4173452094
                                       1336204056 2375997728 2324280490
                                       517177074 2180803572 456654504
                                       3299444318 3285874261 1660774289
                                       1273514561 378521773 1003269405
                                       2920565667 3024334336 989685961
                                       382827274 14600774 3313365953 833179523
                                       752868051 1950794515 3078394426
                                       1770130757 486517384 2270831485
                                       2875532136 1322891830 1646840361
                                       1638338434 3674114634 3365210006
                                       1403277627 3857463532 1032046535
                                       63634914 2460172518 1221338737
                                       2407567273 3482505559 3142127313
                                       3960051027 3747604445 1775182029
                                       955754041 1145560485 2752514325
                                       2509534794 47114102 2294107948
                                       3976812662 3137022547 1173073707
                                       1138318950 3502885771 508151673
                                       2911905505 1377035917 1761281023
                                       2174712162 3694337281 1881166281
                                       1818943710 3737445333 3841460467
                                       803079319 1878460274 1537704200
                                       3866613561 490334772 3342062907
                                       2452616994 946168929 3956097738
                                       672794208 2300597437 3718814827
                                       3119242411 3262204411 397848397
                                       3713844002 1945156605 3946665045
                                       1266417536 2195376845 5910705 1267980574
                                       3371770738 2950029308 1095865524
                                       470984745 3649550370 874485054
                                       3674779984 2677598513 3711374352
                                       4156367847 2462891459 3358425653
                                       3387928856 2434559366 3321793387
                                       3850581618 1707259011 2009997956
                                       3539556832 1855541621 3967192389
                                       600194130 3518080766 3921538363
                                       3385485524 1801452507 1022716431
                                       3936943114 2734834867 4092505231
                                       3987373753 3607932139 2231475950
                                       3402798416 513807699 2380236254
                                       2514534764 859521946 3359651629
                                       788970988 2145784385 350369594
                                       1400977136 1871414408 1472176963
                                       2989075741 859677975 1921239416
                                       293930918 1184092693 265652275 620271831
                                       912508536 1233743593 1955489145
                                       496614394 3969213940 875071281
                                       4049810606 2496611966 1779661778
                                       1131077837 1558981109 3021525417
                                       807288195 1662566286 1793153962
                                       1743063768 4825525 443582637 2908845826
                                       1414809533 423710855 899444072
                                       1941620921 4064848077 3153248336
                                       3412079697 1295443436 1584363914
                                       730187616 1949645493 3232040579
                                       303941226 2085538814 177354555
                                       1865562666 1490599885 1981777566
                                       84971015 2264080348 3206988154
                                       3552643265 3053024180 3695164036
                                       836389310 3875312307 1660142139
                                       1779829578 1673555665 2038076289
                                       3988459990 468541349 3297030585
                                       3695585075 2510090961 64177252
                                       1321668229 1534750430 275283797
                                       1821358737 3190203508 519112485
                                       612505003 1769875918 545456271
                                       1054148756 1713364017 534545909
                                       3028361802 747958011 3199867327
                                       2747644564 2049100891 3584256584
                                       1218277743 647196271 239438348
                                       3714767978 1366186145 1044599487
                                       3732427188 3312757828 4157063814
                                       2939073635 1275780628 1592945645
                                       528562264 253324905 2086994648 707757118
                                       3448854345 744925876 3253242205
                                       1566390381 4090471287 174764448
                                       887120722 1186811905 4176041799
                                       2032922461 3965501354 1234876324
                                       3112488422 1854087722 2422533168
                                       652494565 629770970 124923990 49430072
                                       281593244 2892247615 36921899 647493529
                                       99860025 3456409680 3584782825 638797654
                                       2165559926 1844682967 948428924
                                       2448178071 3528367679 3349821947
                                       3016325262 1804368588 394181159
                                       2895121726 2370587093 1096466734
                                       1757789533 3683664797 2223741699
                                       2980664139 692868964 2495670856
                                       4026050613 1379090419 1458572945
                                       444650089 4167431675 2296356205
                                       3607731330 2353681047 880326586
                                       986099881 4139818150 4010662333
                                       1154939632 1213767878 3093278138
                                       2147050691 980091252 1305647220
                                       2053174646 2077459438 2738244367
                                       1069401927 2109934380 2241801850
                                       2829801827 3351176923 4137709502
                                       1876010795 688110718 2639641675
                                       1236057339 982415332 86856051 37040738
                                       2695644683 2001005768 4112612834
                                       1828717395 1789440811 4245465470
                                       359555312 1309078491 343598636
                                       1815175356 2650436892 240089729
                                       4056736557 4037184197 1960997128
                                       2402856330 498580798 276457866 19531245
                                       1964877521 2818922975 3582394660
                                       2267497112 1883476069 2451151115
                                       512012396 3816622457 2488795031
                                       4164966249 2225094962 810347949
                                       2642018460 2260915609 3269508091
                                       2688292387 64692698 3939892312 398496362
                                       3194419131 1645778985 3535134916
                                       4268697905 2204567457 1468128811
                                       3208409128 1148070729 3773147953
                                       2072047809 2726058226 1873942725
                                       1980353511 1167816488 4149409322
                                       3546696921 3013819753 1499967409
                                       2602449141 2124326389 1760179396
                                       3753792212 852229177 1149303341
                                       193042768 652965935 1983987463
                                       1912853081 3997791403 1465583054
                                       732463510 899591590 2516412120
                                       3243435832 2157065660 2253630644
                                       3407290413 2002533253 2793799371
                                       3645348859 1327041646 445358099
                                       2511113850 2000968552 3869142752
                                       1852079220 3584708656 2624801024
                                       2728939723 828550634 20710014 687478023
                                       701212252 3528095197 198235094
                                       4196597053 3211756848 1327346421
                                       1278074538 1599622640 1492172805
                                       3336957310 3767385464 1376751833
                                       1115873012 2396820165 3569072776
                                       3247391530 116700829 1402027924
                                       2659124020 3177735033 1734596046
                                       939016383 2890982793 1610562574
                                       2748196766 3858966533 3233740815
                                       1538912970 2459305579 1069710689
                                       3262979882 301706493 3173868851
                                       262532848 1679853266 2022001945
                                       2888656510 3336799900 3074431867
                                       3358248190 3990616472 2776839462
                                       3314552213 3016966303 2158184983
                                       2580263034 734098738 4050604164
                                       675316952 521549634 1903245902
                                       2457615916 2610181577 3554312257
                                       17558123 3187666715 844792638 856224705
                                       1508673085 1178122782 4105315168
                                       2061495522 153729525 3762164900
                                       2944674907 2993455014 3891987799
                                       2917433686 1623573113 2670556074
                                       2727985665 1324748232 771209234
                                       2450547092 3549709582 4027601298
                                       2157457794 877820119 862437243
                                       2401710225 2915435684 2944107775
                                       1795648291 127235007 2021727008
                                       157347816 3892123067 1698331391
                                       3708837101 2790076603 1461564760
                                       4034845350 2986689721 1530531223
                                       302379600 1169821641 2346234648
                                       627961740 1406243571 2825842664
                                       2170824213 2714250807 939232892
                                       294411384 2476097282 3064726408
                                       3957612634 19665864 2293967858
                                       3408574329 448700972 414082216
                                       4217615710 1790473938 3527047198
                                       1754474926 4081263297 2970791773
                                       2937901008 2051335988 3427044900
                                       3962853274 2580957310 3302484830
                                       343799615 4131506556 43485000 1383582439
                                       3219944975 2500190424 188731708
                                       2077158094 3655933730 422808505
                                       1827959740 2520405773 2413708234
                                       2365467580 3482864368 3785709363
                                       820419961 3419133252 1441230720
                                       3205819898 837232435 3693357480
                                       1219568436 3716441913 1217032109
                                       3286796588 3918283731 3604501714
                                       3971207149 2665089152 1326059149
                                       2531677214 1739480805 2183953118
                                       776033515 4009888400 2532649683
                                       1370683707 3454435424 1064857805
                                       2801165473 84318600 2431833307
                                       1387817167 2514752259 2749546641
                                       3977119442 438124897 1683898879
                                       994496813 3335056261 422205027
                                       3067654601 2267743172 1162800874
                                       117706664 2799956972 3532352115
                                       2673527254 1943054352 2496259061
                                       85530538 1490183204 244433807 1613742927
                                       513962450 3076431178 3607452581
                                       3106977522 1264058367 469418642
                                       3911544468 2493955106 1242801 4131902756
                                       3605564400 4282608108 1883286928
                                       682461116 1460215233 2823567518
                                       3536071576 1118974740 273173495
                                       1081502578 2060493523 2316043474)))