#S(RANDOM-STATE :STATE #.(MAKE-ARRAY 627 :ELEMENT-TYPE '(UNSIGNED-BYTE 32)
                                     :INITIAL-CONTENTS
                                     '(0 2567483615 624 2147483648 60219080
                                       2389016245 79543341 3366982112
                                       3761928229 29522369 1471381753
                                       1598667834 183570313 1605957029
                                       1463744823 3267291295 2884920275
                                       468228723 907550341 354583368 1647691033
                                       4006533493 1302129211 4262267287
                                       3054117626 210972144 519209609
                                       1969691630 1787428223 3572577242
                                       1853562244 2841892344 4031253466
                                       568546324 946237797 964830760 1312099419
                                       1867729388 1841446214 3696652225
                                       2171272507 346949861 3577843825
                                       251692098 834397174 1500357012 18027298
                                       979053856 2877695289 1338008722
                                       4220532577 4075635864 4269595814
                                       3648410081 1040470196 3790821546
                                       4197597661 4260190549 2611812446
                                       3872278051 445365753 1203493811
                                       2830335462 1690394361 633428446
                                       2680012279 2747299376 3476629780
                                       2842320950 2597294528 3162442231
                                       2205691480 1440308274 1997673913
                                       3611988090 283262266 664447749
                                       2345068753 3831395484 2494960915
                                       2179712996 2458919668 2197235444
                                       484070303 3589223070 2389859192
                                       155250437 3614748195 3623264726
                                       735489221 4106732713 1457367688
                                       1162770566 2099809267 423297435
                                       3597121411 772731521 212621021
                                       3145993920 1032257759 3183033839
                                       4267074504 3999932422 3222337651
                                       995900059 1275641111 1243767256
                                       858753390 2263785096 740892931
                                       2192112955 1043158680 377278020
                                       851151844 3756233840 2235832863
                                       2999452918 4272413361 247029397
                                       2846479360 2284015524 2136993377
                                       989938580 3899292285 3564614089
                                       1647399805 835893678 4080207106
                                       2617819201 637565892 2780372517
                                       566121907 477772832 2228065778
                                       1021164537 3409932450 825014638
                                       3191632756 3853799633 1326737422
                                       3110570091 3896375775 1000885030
                                       2000296380 4130961866 3986611906
                                       3257152759 4207185137 2896907931
                                       2249149297 3237104639 1609613377
                                       3832836766 2465799027 2133686593
                                       483257494 3825437262 473461935 187347341
                                       1684893347 3030584103 3030912086
                                       3505178889 654319232 2974139981
                                       4255863672 629565464 1783206754
                                       343719822 3734690717 3705190068
                                       4094855254 2541209492 3412497988
                                       3972836475 3817015750 3587991514
                                       1018173888 691282331 4088494719
                                       869849632 3194097095 1985836090
                                       2263580874 735270990 3011162007
                                       674602265 1063117468 1925289290
                                       1286949554 1581722537 3784620586
                                       3233783339 2891115501 1941028944
                                       4020331048 1868737863 1376231454
                                       2367436414 2370233151 3811020791
                                       1079821906 3587246141 759702224
                                       3886354492 973569384 2714989743
                                       2291445063 1095739055 2295958123
                                       48223947 295745593 1165360489 2441721366
                                       516027567 466634708 3429108538
                                       1464806602 4067624378 2137492901
                                       84528270 1679309928 2139211527
                                       3678871946 3112623459 4036908723
                                       555663524 2458084796 2682900016
                                       2954584100 1584584178 3721831424
                                       959277662 3825764830 3259870873
                                       697838247 1852729442 679898897
                                       1980890402 4139324826 2373357969
                                       3579349189 1667402400 2182373926
                                       633860772 1472800562 968419205 510259461
                                       3187619007 2360923668 2171701271
                                       2560417932 3133748913 2904054310
                                       1194413565 3305361912 2527330822
                                       2826885880 581793524 2684323481
                                       3687565272 399524482 2437586235 61013561
                                       2296351760 535841683 598914966
                                       1238473596 4029428233 1840810860
                                       3469058378 2502794906 2258183540
                                       2908929279 1456893739 680029864
                                       356782688 2013194116 3148714552
                                       1939206643 3012314398 451258835
                                       3097999899 3742137946 1885363996
                                       2732255182 2731634344 1530257196
                                       247994487 1940514190 1659094097
                                       1354013744 3958619799 1533905245
                                       3660797781 2504601790 2823683241
                                       1427709914 3919498760 3037873198
                                       1407287256 859754092 3567361585
                                       2714467783 1120383822 316992648
                                       2050175143 853314977 2800013235
                                       261952043 2219904503 2623572857
                                       1857073386 2463603745 3655053517
                                       3255642268 1326306899 2595980042
                                       552454811 234718376 1267876530
                                       1762811971 2321739274 3468146167
                                       1450289873 2398322501 2020844107
                                       1674642158 3834570342 109699989
                                       1010218885 965735179 3744006516
                                       1627164158 2277337110 3094164719
                                       3400986977 620500696 4198186128
                                       1278248056 3380982446 1371338670
                                       1026089009 231889863 994803499
                                       1497169678 1883997213 828226850
                                       4269807387 1786001347 2251727326
                                       1143875316 1436818870 4245835961
                                       4107761483 1272275402 3041005604
                                       550207206 3770778893 1640729969
                                       303355827 976730330 1383416372
                                       1037274434 3820916137 3285273388
                                       2865502383 2635217219 3150257849
                                       4168366197 1184339923 1659116296
                                       3793514141 2161683505 518282949
                                       4162981189 177226127 3431803575
                                       3579036023 3556130249 512870459
                                       464904489 2893215191 3303650543
                                       3328739161 3324293024 4055490939
                                       687786167 27950326 2748826836 1086951263
                                       443513147 798491826 1256664567
                                       2782420167 1569122487 1773007345
                                       3046793095 4281611658 70570119 183048885
                                       134388084 3009219817 1159303756
                                       3059986386 1800266951 2954173382
                                       1658745162 1004686646 231813448
                                       1350875634 708627650 1375280956
                                       2325900025 1192965159 205712837
                                       3549178455 4251246369 213760325
                                       3165569848 4250443720 2523929245
                                       2627815695 813266573 815767280 624603978
                                       3686505088 4085003893 2505910702
                                       2363964734 2352322485 38236918
                                       2407513883 311345130 3252212592
                                       2846742564 688154041 53444805 3430363719
                                       1565550048 2045368532 705411222
                                       1946799909 17000774 2929081037 867079327
                                       609462893 1461703390 3317147140
                                       245390839 1619475829 2150424269
                                       944793592 3641825456 3697304494
                                       298086694 3073111822 1712779033
                                       743526605 1438755096 2174717350
                                       2863142552 3584062729 2449319088
                                       3308025197 2859856219 2460730704
                                       219309112 576381012 1946960018 472877136
                                       917050110 3565049826 3215350089
                                       1136632314 1586407114 623208172
                                       3068057808 1437308165 36066788 850973379
                                       3919282341 1455059660 2680699643
                                       1675780179 2708032017 1513960570
                                       3031237429 3281747368 3601916920
                                       259674140 3163812624 4082577040
                                       4273562857 3824877410 1093289514
                                       1188458774 263624178 215663076
                                       1344752242 156734352 1226512695
                                       991232068 4269553777 3218540495
                                       744881874 813148128 3000203985
                                       1196874628 793342260 3680839348
                                       2642064709 1852337093 1499873653
                                       4262542111 1197633383 3863308806
                                       4138302463 337259648 2616267382
                                       3607537592 2276384472 4217110899
                                       2354671548 3678114342 2833538014
                                       3092481724 2774676027 629874891
                                       803675936 744450877 4174710012 721163582
                                       3355756932 3496074725 2269047433
                                       2639635480 123203876 55988942 135252722
                                       3248516832 688314689 2047575869
                                       3740684475 2280755171 2459479467
                                       3759352977 642199569 2403109967
                                       2435239781 2139863442 3231191920
                                       3762525756 3194977548 412152887
                                       2833709127 185520926 3621647289
                                       1001012160 356489774 4197854310
                                       3189595575 2520835519 3589658075
                                       1217759475 1150271935 3738819498
                                       1605068679 2198749331 1371800919
                                       2209207255 270111619 126356824
                                       1579574562 1891108028 3462787511
                                       1540853941 2633731557 3379551680
                                       3306232368 373495619 3950609441
                                       1173716700 2988076336 2614678561
                                       1910101239 2984583185 3341521192
                                       132847470 1329022934 2827364280
                                       1040380158 716777986 3112902970
                                       1356639314 1386923175 3072489288
                                       1860955335 2857787830 3861447321
                                       2452248534 3416462584 3934120856
                                       741900791 2793635199 2181960213
                                       149279676 669884421 1657548313 383500789
                                       2159645308 3495807810 3615148930
                                       3790148646 2937927818 3289581588
                                       4131119073 10130511 3568159486 794579656
                                       3333217094 1464960063 3760594090
                                       3005400104 107076873 4074017303
                                       105336909)))