#S(RANDOM-STATE :STATE #.(MAKE-ARRAY 627 :ELEMENT-TYPE '(UNSIGNED-BYTE 32)
                                     :INITIAL-CONTENTS
                                     '(0 2567483615 624 2147483648 1772325784
                                       3668077681 2627210449 3764049383
                                       2081244166 1184234887 1598627538
                                       3426093225 2339316484 3067363397
                                       3954448222 4033104186 1194368728
                                       75687858 83104002 565144478 2852332911
                                       990617639 377627226 4275279208 313673856
                                       3386238202 2379530979 3623518730
                                       555830262 2886501858 3798568966
                                       352171766 195333179 4068278000 500329663
                                       70010196 3936303441 3450686058
                                       2800661375 2025643245 2464770978
                                       3905652007 1140392203 729020939
                                       1866453672 1614320573 3535450722
                                       122687394 3085374371 2576744362
                                       3611530711 3228495972 1269819665
                                       3313383127 875753066 1234194121
                                       1827474921 2053439234 997253460
                                       1248940140 3995806168 3664548937
                                       3066049136 354363052 2588042221
                                       1523672458 1263114539 2598765421
                                       2812643478 2558350149 1817879042
                                       3445026839 3533175340 3814803870
                                       210645971 2586273243 3984155790
                                       2663002560 1770293930 3165398523
                                       1255288666 459306004 1718871501
                                       3233895562 1434152834 996418474
                                       1665834406 832544133 2250909630
                                       1722933271 1450694136 1697092437
                                       1126935391 337364912 3744960289
                                       2947966663 1050484901 1920281698
                                       1232536769 2175827256 3104882351
                                       1277274912 3979882285 3118586663
                                       1187918079 307234542 3213198323
                                       3791900953 1266971665 2080208313
                                       968642470 1496680895 3041719676
                                       4123330626 456023832 4140341747
                                       759330341 1407924369 1717933909
                                       2969094782 3239713520 3148858344
                                       3999543665 3946270395 736710134
                                       1372577640 2663001446 3978417955
                                       2055546926 1314781501 2203471230
                                       2622961535 3589344054 3189481824
                                       2937992005 3208813446 693009455
                                       3809251174 4201866210 3225538032
                                       558442703 394220374 2140075288
                                       1360479614 3087777941 2615681202
                                       1031779242 938034847 1485968642
                                       2815833971 2381689986 3768656349
                                       3520066041 2926885151 3601901446
                                       1473684720 94191067 378864638 3074874332
                                       45751293 1218010650 1488093892
                                       2045825854 775416040 1298535050
                                       1500325118 1637662958 1317355751
                                       1362993846 1335445944 2433736152
                                       1547178163 1002980603 2779726811
                                       1706263422 2359888548 461219074
                                       1017524302 2601831351 2805335594
                                       1844393917 3319864026 1567866560
                                       989828972 3286963675 1934698766
                                       178651967 3213873632 1433903134
                                       2111811859 1092518614 3413637565
                                       4019981177 770497075 3298404820
                                       3602427659 4047249775 3685396809
                                       2081874545 736024744 1132175536
                                       2657145318 35630414 3518002746
                                       2466310762 213521870 3047192997
                                       3136701466 2209224321 67201550
                                       2049126836 1175629603 2873710947
                                       716290391 3288747021 1948025610
                                       518116767 3749891331 3290792104
                                       282403049 554123728 3543900149 584158378
                                       2188697394 786307563 1594140185
                                       1512480389 2040216352 2438457596
                                       1526171847 2492589622 3884133513
                                       1853530614 3856901659 400068474
                                       2948244276 2212613300 4012967806
                                       1541319515 3431139959 1689039325
                                       2449790027 2329954348 2805039778
                                       728182399 1524260189 4222321907
                                       2799550147 262832246 450099419
                                       4281271343 3551702834 1904060593
                                       2118794037 1472010877 3536974680
                                       4004395084 3530121041 1229638323
                                       176817716 4026768075 1160278112
                                       939224347 3446701143 2697399042
                                       398893657 3066451558 1900554241
                                       3085954547 3281730514 4252690244
                                       1468653220 1381017786 3332202166
                                       704370003 2212792508 336260041
                                       4268002066 62865493 4030659407
                                       2083675315 2744859806 1229803690
                                       2337747654 3022600885 257191718
                                       311529900 3825275143 2511104114
                                       252740289 2902796830 265376922
                                       1088231548 3583484152 2214011614
                                       1054595156 4028833172 1525060696
                                       3112710910 3178658782 3302803484
                                       3897738071 2278117475 4249993579
                                       3444156290 2994596653 395986577
                                       3891730912 2270677399 3377538728
                                       1282796790 2680167336 3667494672
                                       1117667406 1961465444 3394201708
                                       2453841657 406868001 3248483914
                                       282520951 2077240637 1236253535 81987016
                                       3492668575 1421948435 1098477175
                                       2004306169 1258609190 2435841036
                                       464510404 2672692907 2058317549
                                       2942956570 2626066728 3417003913
                                       3218206898 996259535 113072767
                                       1211326339 3234186297 2331348513
                                       2714673109 4087997533 1227785770
                                       690268421 466412345 3812291120
                                       3503860348 102988493 10744617 4217849707
                                       3710370513 4213919145 396719663
                                       885682345 1074484139 3118820371
                                       2843971488 1948443767 810147378
                                       3292961746 1757109919 2334685316
                                       4003105631 935773172 750747736 357920394
                                       2352774064 2839155124 1607957335
                                       3476489133 488955615 1798704316
                                       2932059042 654701849 3274348650
                                       651192044 3908176031 100891522
                                       2354819832 752272942 1205284580
                                       3332960912 1681272734 4163476872
                                       3978951481 3271787780 2960658200
                                       1141825771 632392291 2044464663
                                       1956832718 4228724685 3420724745
                                       3428789460 3805812263 4095272368
                                       438888882 749633552 3283147861
                                       2537481391 2183960139 947043498
                                       3046451129 3801630314 3927738370
                                       2129225817 2058607049 1689643639
                                       3029163446 3510638470 2125450001
                                       4282472346 2732573203 1632563763
                                       1222763067 3086839624 4166594599
                                       2247791179 2818468012 669433214
                                       305958719 1042018868 3478452396
                                       3586944505 1747687335 2494670410
                                       1093461102 3044639300 3091155634
                                       3619784436 2610491184 2743292129
                                       3768970305 3535747749 1846316979
                                       1052821330 1453053189 2740664829
                                       1007933522 2512964353 2644859183
                                       1462069226 1354249948 1004624295
                                       2118871517 453779388 4126390428
                                       2181650456 1957528291 629542122
                                       3423852737 2103201230 1232505004
                                       3415701786 1299834078 731349613
                                       510469436 2949212785 2682950520
                                       3869910936 4198264832 3846578330
                                       618087905 2253496623 3453299084
                                       268087249 3819431781 145936052
                                       3805244247 1111096646 4054787638
                                       977333924 1983936727 2819037212
                                       763748750 4211847501 4290373233
                                       3034288304 3304197201 1224549231
                                       2182021041 3051127961 2000513578
                                       1256224918 3823736372 250057718
                                       1795227125 985417493 2813193892
                                       3439611321 2433752854 1725356107
                                       2337567687 2978654152 542037999
                                       2629240142 1230402359 3720208946
                                       4168354022 3940086429 2375649921
                                       879542574 4062852035 1687393347
                                       393204327 1861439605 4192566958
                                       3559820171 4179869689 2572199411
                                       858140269 801071448 1382017489
                                       3622704818 456164275 54754616 701895726
                                       525850602 2152757564 392008601
                                       1134627491 1816746463 421218184 5018326
                                       1109701349 364871593 3977415387
                                       687986693 1212046774 3857163866
                                       1742181410 2665222809 363714030
                                       2299485314 2824113875 1509822095
                                       1230971429 2186511994 3958129286
                                       1262880912 3764117315 3843054039
                                       2058961680 792425844 4046897739
                                       669166025 1046807105 1167865703
                                       3954551665 398900535 3226884151
                                       3940352053 1904445164 1000603208
                                       1662299165 927408667 3613967359
                                       4060601616 1594828366 962463373
                                       4083034742 587266102 3405703637
                                       1539375480 1308762252 1309053526
                                       3636129658 4286570977 206983603
                                       3617260131 2966692449 4264476373
                                       3551451306 2707232464 973040138
                                       1718530018 3602101864 705876488
                                       3658491990 2716528209 3884831661
                                       2775641179 2137401540 999595899
                                       1788435066 2966629753 3128601363
                                       970795451 2814668871 3622210859
                                       885845425 389074756 3947824267
                                       2834741425 4288243674 1068407637
                                       3847285190 1440952341 1108795982
                                       2591684097 436566489 2258509424
                                       3608107932 4261304510 677834102
                                       3396211464 3877202682 1396911046
                                       1855001707 3767595293 3194522411
                                       1003368557 4168561962 4223607872
                                       737440082 3073643289 768076488 716321207
                                       109639268 3084080772 1374001497
                                       2478618960 874284499 2487331003
                                       351965810 453200260)))