#S(RANDOM-STATE :STATE #.(MAKE-ARRAY 627 :ELEMENT-TYPE '(UNSIGNED-BYTE 32)
                                     :INITIAL-CONTENTS
                                     '(0 2567483615 624 2147483648 707520666
                                       539708152 947131727 1929599207
                                       2381865737 2980167217 3161798700
                                       341957889 3726444063 3291596587
                                       4265526176 1122715725 1411154484
                                       3433646632 3311949054 234300306
                                       3734174352 1265450162 2924923740
                                       1109146406 3451158984 2994612746
                                       228281205 596110303 2543667712
                                       3697719794 1537213323 3178628211
                                       467007553 67101702 3327687188 524882476
                                       2549613154 4189154731 1352382968
                                       1132824189 1842990429 1106764576
                                       490440989 2836838174 2692286069
                                       3939499277 2638150716 957737807
                                       2642780692 3204871544 1775452951
                                       3211991689 245689371 283554586
                                       1049148039 534564251 4234774621
                                       2371035601 837403984 3918054705
                                       3571778076 3217079380 3079548592
                                       659996468 1200560119 1557445879
                                       3214096517 154094300 3111782350
                                       3669704890 601968796 4051456944
                                       1433987213 4059473742 973428523
                                       1013244929 802750759 2923766784
                                       1241930208 3818874229 2438260049
                                       2880897043 1531697042 1534421571
                                       3813549058 3887568548 4172773003
                                       2269526087 3592500781 2820929541
                                       3982109309 2248357946 1199087141
                                       4283791642 800960896 3462661143
                                       3256504750 3164279460 3200816959
                                       3188952434 4172040594 2196642664
                                       4171579636 1491944145 1910384854
                                       2676007993 1822271759 1577070150
                                       1738090095 1156871136 2779681891
                                       11498589 1550918443 2408425925 710321070
                                       3817324002 1387149758 3544283015
                                       960870389 626256273 1608189370
                                       1672585765 3331835787 3279932810
                                       483204868 1575937127 3838572345
                                       2114602217 2227144865 2153077927
                                       1555454837 3075938800 3795825583
                                       2647444149 1693498525 829223155
                                       1505737554 1216036563 2437380905
                                       4119563111 560044551 1436998797
                                       215567750 4291373147 4256101319
                                       1953979441 1174631164 3558584492
                                       4110851772 2183819093 2745101336
                                       43956812 3473987628 381363680 3603841302
                                       2924583797 862817237 829662979
                                       1022025045 1443317654 591874432
                                       3648140586 1021020389 599493154
                                       4156897618 2398609497 4274530416
                                       2717460508 136857465 2416810820
                                       3208583264 2137869038 184748648
                                       1685538123 3131003072 1791049407
                                       314574988 626727601 4198555617
                                       1710140553 90404197 2050015324 678118741
                                       1011873461 2911455452 3010310608
                                       2999121613 4282425140 3155397446
                                       2841565766 1585420913 2908949835
                                       2586978769 1353183639 2707500740
                                       831622467 150737862 2478734156
                                       1841155885 1001313689 1340595728
                                       3082888496 1605046939 2204492865
                                       1109933564 1352113501 516816487 88175139
                                       1339680762 666879382 3954993344
                                       1681310250 2265762913 1482368810
                                       3426856259 1678607609 3135659791
                                       2090108158 1131539752 693649506
                                       1457079737 3972653773 1129992774
                                       1006436143 4108547909 48865106
                                       1544242078 3558383847 2908790329
                                       1240049395 2345611876 3882288648
                                       473622754 2565123452 599319551 708100361
                                       402624686 4043184514 2738099639
                                       1006856584 2358290038 2902706016
                                       468871188 3098125580 3829635821
                                       3208239134 695332844 2368630249
                                       1891391791 1651172069 1375845261
                                       706705070 2990070241 1479194183
                                       2025677147 1291690279 4059195246
                                       1835579837 3792759293 1507811659
                                       3267554754 674508753 2491208880
                                       590590739 1535136307 2999170105
                                       3055662830 1269230052 3884686671
                                       2822434060 3992122946 3573442619
                                       3740428853 3723173544 2337762681
                                       2315042211 977603577 2734797905
                                       474732124 1371594933 2618262713
                                       2827243454 2623577093 1311069643
                                       2394715721 179272985 2066318406
                                       1204076517 42836026 7051710 1526164066
                                       1204253921 2393324324 4153078752
                                       353237416 1875172477 2156531185
                                       3179582340 4205003456 1466523630
                                       955607910 1021783759 1864877560
                                       3167874024 1265795982 681416970
                                       1545138571 3248498378 517759114
                                       4258726333 1788514452 537774926
                                       1807235823 3186224304 702847287
                                       3596305626 1085444909 1476437760
                                       2818866784 2240192906 1919034248
                                       1978873535 361540375 2909500626
                                       105811753 3794441888 3964413863
                                       3503182858 804697524 1431572718
                                       3519465690 2593392222 1604650968
                                       3327825130 1689156932 4072279752
                                       3950179055 4090135972 1177899857
                                       118859938 1209699773 2660882234
                                       3042867407 723939184 2251120002
                                       1813076697 4270202562 668786720
                                       377024773 2660635533 4240875516
                                       4278784594 2420920887 3392662624
                                       3060828630 2457930273 2599032432
                                       1346864671 564091265 3723093618
                                       3730572823 1265944152 612020675
                                       1725439945 2716002791 3573576506
                                       2970972094 3170065877 2819595004
                                       743712204 2574152589 1898014255
                                       200397045 1044186072 757350142 634073692
                                       1346025462 2201480982 3206980184
                                       3641227567 4288597964 2210361441
                                       1981044281 102519371 2559981259
                                       1355102525 422680439 3932462868
                                       2527938359 1633010828 1304390194
                                       2686323082 2671540092 2211365667
                                       1601656787 1434950744 1044802065
                                       694791239 2071413268 4043072898
                                       1549525368 2958784288 2067047661
                                       3597137606 2336906392 2328463964
                                       3673171575 1577753658 3678886992
                                       846843700 2096681791 2927175019
                                       3017164988 2181205367 2467198092
                                       408109680 3552488027 63115023 1721713225
                                       1125034469 2332600608 2797075164
                                       2931717169 3139605667 1376675275
                                       986406499 322687910 2819140013
                                       3969804293 3646386107 1128062918
                                       3844965767 4031231086 1228196868
                                       2031590549 237522796 2377962051
                                       1979510821 3415728549 3035149211
                                       1039288691 2717782273 891284614
                                       1761639756 58404374 1637050096 721054348
                                       2262697622 1430858241 1281126000
                                       2722350798 1957831316 3010851985
                                       1083247356 2144613319 2465763825
                                       2398416151 229630271 1563780763
                                       3097679354 1347122068 982089669
                                       3786381277 1044751305 371507698
                                       4046320065 151625176 2761859374
                                       1108468350 1973709247 360878491
                                       2560161402 3959453288 2672286806
                                       442806278 448706933 380280223 2813505181
                                       496581435 2258499262 1038524846
                                       3795716531 4224883610 2333300492
                                       2661091234 3407060553 2337449663
                                       1109930787 1643424733 4161830108
                                       1126969355 3640917173 823623761
                                       690553018 2619575848 1548033587
                                       985981460 1065827178 3475376119
                                       1512123563 1816542539 732062652
                                       176356139 3216880002 1990941288
                                       4168147345 1636761630 1703362938
                                       2040146121 1089601074 624768715
                                       1487635747 1318999064 3003516606
                                       4020387119 4234923611 1315703621
                                       2036947017 3521862073 1021228035
                                       2728637119 3728725886 1648966365
                                       2381048268 1039877888 2407335783
                                       1550638893 3877414673 4133803625
                                       3168529410 3212461505 2491900233
                                       3301677009 621199242 2880118378
                                       3233128556 3208259027 2188869189
                                       2357066485 2682690742 1361698090
                                       3870321095 791218113 2008829508
                                       4290602740 2010360433 3051597787
                                       1304036489 1679264385 1010964708
                                       1574916605 2612937556 1363281146
                                       600897446 2665567384 612033094
                                       1117628703 2177840789 2428423971
                                       693709677 1650717103 2273651484
                                       1124784417 1239538503 43037543 785645791
                                       4024252245 2209860964 5276110 2293014279
                                       185654446 3148991248 2058047710
                                       3596733069 3141411751 413880907
                                       3095812062 2528355731 770542198
                                       3217458539 2294787264 4285220479
                                       2495340778 4044825400 1354489680
                                       823707318 1987844882 434453694
                                       3369894876 2866369309 3985473916
                                       3428569763 3227283791 2025469769
                                       2344671068 3746301115 2400833800
                                       233330751 1790409017 2309180112
                                       674913052 431880979 2316878469
                                       3810646251 674552683 2169307994
                                       4262695616 1901132716 2673051595
                                       2182597564 1819840501 1290994223
                                       47007994 2976133057 3302673875
                                       3962011925 1724859717 3983849261
                                       1653217664 3329236607 1763010061
                                       3635409881 3868182706 4009715531
                                       2590446141 2012199656 99215798)))