#S(RANDOM-STATE :STATE #.(MAKE-ARRAY 627 :ELEMENT-TYPE '(UNSIGNED-BYTE 32)
                                     :INITIAL-CONTENTS
                                     '(0 2567483615 624 2147483648 1798534440
                                       1620562887 4141775594 901308330
                                       2026017603 2879885643 3196887581
                                       3446096340 609712199 2571750127
                                       4165344760 1534247436 427333436
                                       1412839209 1150606254 1634707416
                                       1669455024 72568551 1352278057
                                       3703780290 1531762412 506554349
                                       2596164549 2621160607 715228710
                                       3442002213 911310981 1652712818
                                       3915245244 2051051203 3348231593
                                       1889459891 225020226 3641924221
                                       744887686 3269971441 168754381
                                       2945948201 1646284857 641362556
                                       987907839 2009079793 4192896101
                                       277664793 1717060270 3147744902
                                       2057038908 4105699916 3641144718
                                       3569801574 1414158039 1743322104
                                       473861767 3673176525 656324652 37382316
                                       920936152 2806265120 1766343642
                                       1214956885 2403667496 1860235931
                                       518448357 2237066347 4180319111
                                       3220904371 1306052531 1892529071
                                       3104413479 2757588382 9457600 1856443889
                                       2758697454 3469946149 3029926532
                                       3231788592 3349593067 2745732234
                                       3225999486 2965581414 1456346731
                                       3992357349 489624622 2772018556
                                       3815694063 3585827080 2433689603
                                       2487574951 2398563428 170320787
                                       560430901 2272945675 3254343734
                                       1519891748 3831139095 2483260929
                                       2377115300 1645032567 2968978424
                                       4259050993 2911121855 1633701751
                                       3326457904 2091954978 3245640094
                                       4257944729 2995733401 2443067267
                                       624281120 3205958195 2352891088
                                       1274041122 1479958249 2957200009
                                       680099749 2916044959 3435942104
                                       2420189944 3668042727 2664684743
                                       1578720361 4090336341 840703781
                                       572319238 1851988119 198820754
                                       1252700965 121598294 1304469861
                                       2691005477 612851175 362477225
                                       2815264372 2032650030 1826404733
                                       711247926 3628565819 3915901446
                                       2626687008 158136023 3563150090
                                       1548432861 165901033 2970911545
                                       2832588940 1102644254 1003484131
                                       2902731105 78534754 891469851 3391979100
                                       1390189945 481478151 1401797190
                                       903988529 2910306655 877131094
                                       2777353352 3219112653 3721272101
                                       2138223849 1294716719 3326855800
                                       353591761 638153391 1220718928
                                       1370660122 4057281012 2741096538
                                       3664267488 1315925897 2441405851
                                       1875585926 2393096001 478299538
                                       3918630184 3579876503 2934374155
                                       884338075 3359872090 2658299682
                                       3316853488 3336009004 4001575299
                                       4047551155 2719164599 1992103507
                                       2537030782 3578863252 1464956796
                                       3979005164 1855913044 3402272457
                                       2181391906 789366552 1720768941
                                       3956909543 3009752970 1930827495
                                       534912029 3251171415 2204718229
                                       1273226352 215029041 3565690503
                                       629386903 1082642417 3797775395
                                       3713240164 3148254988 3543607413
                                       2045524701 2687720352 3398608181
                                       678633012 1994929194 7594434 4290377888
                                       3401113930 3857482437 2423810849
                                       1055728235 2079453436 495269427
                                       206693675 1235657101 180218718
                                       3409069682 1644281514 1866213806
                                       1395458474 2800743474 331132063
                                       4237058325 4236745945 3340275883
                                       830042500 3895395045 154521946
                                       2094124125 2727225520 2503202251
                                       2762427300 3858089925 2162471161
                                       1295232178 368941088 3084677848
                                       3025787351 3348214995 2483808525
                                       1668225731 549560855 4028249549
                                       1082722421 450484330 1797072948
                                       271860291 2647628192 3131005968
                                       1543417084 1794311695 2034348168
                                       536716950 3091049069 3481424554 6110016
                                       920805520 4001346580 2871784844
                                       4070305576 4041054628 3992683457
                                       4066184220 1396424683 3521673436
                                       2017340160 801460898 3366835276
                                       1761830021 3395295157 4054302162
                                       854584986 1292309369 2219115184
                                       2504900428 2750417804 1786546034
                                       2572425757 2479715491 2099742006
                                       1281744763 1656287351 3952928882
                                       4076128434 3706151691 2563722992
                                       2827315215 440332149 26243664 4227048123
                                       1777700976 4026474007 1316899855
                                       2374560426 3572964728 1536054537
                                       2644961061 684555044 1145184148
                                       1455844015 2511608783 3441715313
                                       3092146680 2646661404 4247418638
                                       3543943895 1835625671 3686882612
                                       4200931261 3047028664 2472715880
                                       1270544248 146396035 3449422654
                                       3543328263 1777320925 401923011
                                       2275390348 1230189634 1925325732
                                       2660825532 2512636447 358736322
                                       2522600637 2582828628 4162802622
                                       2042568254 1405485488 69661458 18147719
                                       3725067056 2361542125 3612766382
                                       1885140600 2885835031 1287458061
                                       322287247 582011336 2436889789 46290660
                                       4041240055 3939919655 999739624
                                       1887090132 3554465865 1481475260
                                       1569576715 2311924274 3749379709
                                       1892757374 1857409775 716284682
                                       1343414411 3391695386 374260030 88026483
                                       3269466612 3611358443 2340275792
                                       3948591552 3463288774 1057066564
                                       2533387303 913383438 2989222527
                                       2371333268 1140316613 1185379538
                                       3560688961 2018368321 3077651480
                                       725396799 2342648386 1076395673
                                       1699474061 2558172720 1472719658
                                       2646764111 2402090069 911884789
                                       3813997548 541280852 2785222750
                                       3516984357 1719015877 2785677479
                                       1992920711 2902742624 1262198035
                                       3797443914 1226600413 3754794374
                                       2211409365 2253545673 234618446
                                       3928518207 3380048743 3813518435
                                       963117200 2647079266 2296087090
                                       430059058 2548340592 523309155 628017436
                                       79970755 158231749 986267397 2971819964
                                       2560951912 4262452658 3892029796
                                       673494512 1972149842 1091397995
                                       3588194707 867223862 1434026991
                                       2569954878 1168133359 2002345964
                                       354375121 841982511 4135705165 500311841
                                       1497015682 1145747097 2901339978
                                       3303230739 3914028103 3388948725
                                       3317759190 3782721357 2735356804
                                       4026566984 1943837167 3392092966
                                       3846427852 672368698 2004546580
                                       2276722496 2486925173 2396719043
                                       2847602465 1045546558 260582847
                                       1821087081 1815690459 808300697
                                       4261832844 3908287418 4045428436
                                       1152743042 1174626030 2487088911
                                       2468911209 3406047136 1586572074
                                       3059930858 3103905843 3656000930
                                       3442705666 3319150105 1495600401
                                       1169898239 3053441074 2422247133
                                       2839446295 944213185 4119821781
                                       3589107320 1277932496 3990056073
                                       1439223673 1244494476 3345315567
                                       4072539643 3855137497 627375660
                                       1834308401 943339855 82729094 267499517
                                       3515265776 592937055 4215441318
                                       4270141604 4235714128 3652192966
                                       835961976 814110225 904886342 2606582235
                                       1776762084 3050056285 2527657870
                                       50578022 3851246805 2407844425
                                       4007574284 661429036 18629720 3646339711
                                       2794761327 2174635340 1751304944
                                       753706959 3594577827 2181567039
                                       3717604297 1636318420 1300525556
                                       573958995 3284303104 2894270939
                                       883368229 2259291998 2528672932
                                       2811746509 2120258623 1403913288
                                       2899514166 3965763051 162583338
                                       1768946622 493808507 568198536 340532035
                                       1370834409 2346624231 2806265871
                                       3772419491 808605983 794233415
                                       1467006516 1471355330 3775709934
                                       2785254210 2749712991 3734357498
                                       3728114321 76577479 910531647 39086485
                                       3692167477 950285997 480383779
                                       1721214629 977984123 782417740
                                       3971530898 1600882156 3455348399
                                       3819203878 890434799 1463277474
                                       750702609 2151727530 2091192511
                                       3136834419 2698149466 2629004928
                                       489927044 478380208 3775847224 683232994
                                       1552905909 1651252585 3393673241
                                       847818499 2948540949 2016658469
                                       3517608480 3909230311 3124338477
                                       3567942498 3586366355 1924249672
                                       3584408963 3228441029 2856860703
                                       2907850190 766934420 3810448692
                                       479914678 1729910880 1513928337
                                       1424759834 2676227188 384192557
                                       3602154508 242790608 1810198670
                                       4279062401 1145549416 846659244
                                       3165791188 3079944870 433426129
                                       3250961954 2180142411 1842960860
                                       3716667800 735575445 3877778601
                                       2451847112 3166543694 2085179853
                                       983936038 3313694108 2634017375
                                       3799365108)))