#S(RANDOM-STATE :STATE #.(MAKE-ARRAY 627 :ELEMENT-TYPE '(UNSIGNED-BYTE 32)
                                     :INITIAL-CONTENTS
                                     '(0 2567483615 624 2147483648 2111847936
                                       2198126478 4263276942 2304907747
                                       2726755466 3422039911 3244410878
                                       1028175576 2922177553 1759992042
                                       719366354 2039487125 1164850865
                                       415793198 3325764158 2783893227
                                       1565978005 679272519 3989957604
                                       3439957762 4057200856 3686945402
                                       1128393153 898059743 2491343805
                                       3926386845 243281201 252168884 26264756
                                       1721289246 253034203 2719173549
                                       3593341797 1304680859 712325868
                                       1922039167 2100591846 1413810658
                                       1617222504 3482702264 1773550049
                                       4272610392 4161544513 1166707993
                                       3940086505 4034253950 1300944265
                                       790670951 515467373 997354427 4148357611
                                       1536521170 3290343195 4264426836
                                       779734899 1488361710 1158629838
                                       955054979 869254521 1140535823
                                       1550590376 1922131107 4955534 3782506983
                                       237554738 2072847881 4246144384
                                       3591440804 828260121 1346682132
                                       4280627507 1006284722 1002335402
                                       2126624482 3945536350 3130911802
                                       646973706 3615564244 4094841818
                                       148441373 99382640 3269485371 4271352622
                                       4007924523 757607881 1304734905
                                       3664837234 2927542477 531507546
                                       522970289 1325880881 235855885 727160314
                                       490426217 159698095 1823238770
                                       2002458385 578050088 2790612772
                                       369528795 2637210276 2509422150
                                       3028463212 3730076156 692787890
                                       2876629191 78127188 1686558925
                                       4221014689 845335935 671471895
                                       3497947911 886131297 3333498925
                                       2382137657 2703112145 1362818805
                                       168687757 195304222 3132950405 806971767
                                       689051334 1106137444 485075302 833593131
                                       1894287320 1142791808 235655670
                                       2571135982 3781821409 635222892
                                       3273792998 369245670 1208428219
                                       2558434344 2198217326 619091368
                                       2579783751 3913369803 69681362
                                       1618954681 727872996 655191479
                                       4026811608 3429393795 2335776464
                                       1765264957 4181673488 3320361356
                                       1040748826 652874597 4065385029
                                       2695952933 583586121 3320058447
                                       587651408 1549045523 1631991541
                                       1686020368 3694936100 2082340291
                                       1451890369 511495515 3942856344
                                       4164069368 1265786534 2887302619
                                       2818630383 379321141 1631147297
                                       2252910434 120970203 473997496
                                       3791969216 493710213 3642827799
                                       2634684558 1677621516 2217785390
                                       1288515007 1726054158 271147765
                                       4247988124 2624804943 563001556
                                       3291041419 3407968823 1889209236
                                       674952623 3814063870 1706111405
                                       3878866001 939927859 3825951658
                                       942650876 1632454509 1612489433
                                       508670404 606147588 2909925420
                                       3186533988 2378610850 3016894781
                                       2605994853 1358070292 3367652696
                                       2153155737 1457962984 3903738829
                                       2034243627 1940814037 2821632658
                                       1833439009 3625884549 584158635
                                       3251451775 2639897244 1139817291
                                       94527626 592161355 363006539 2496453488
                                       2370582550 3607901360 2200645828
                                       1144028383 2065389238 359743039
                                       1789320872 1902478101 2822435843
                                       3457863386 533753176 3807998637
                                       1971171740 4157328670 1890874066
                                       522296290 3922914372 2961510523
                                       3939151882 2557267057 2601120219
                                       203189167 266915018 3645341178
                                       4016041510 4277461452 558898844
                                       3766442788 1855292519 1600347993
                                       1216581274 2080258867 1217552104
                                       399196404 3761952747 2094809472
                                       3420578834 493397490 1910043971
                                       3515812266 3531676378 1113042908
                                       2849121594 1734031871 1189784801
                                       416422649 735106715 476838368 2626208153
                                       572132145 2583831206 871193933
                                       3499973522 1847750768 2262694377
                                       1484979594 1875042875 1403216896
                                       2239470554 3874712509 1726767142
                                       338662552 1539620124 3371330197
                                       1940155437 1071516884 756554831
                                       2464119277 1344765462 1475988511
                                       259988674 2021274308 1679733414
                                       3320064848 45689260 1102096940
                                       1617700309 3707093758 110941754
                                       3599055405 789909211 754741925
                                       4260482770 2507346990 3260566221
                                       1326339166 1434681420 3124332679
                                       512973694 4124467265 3480247989
                                       3655104835 2435008042 2706698935
                                       2109012140 1017409035 2020585364
                                       515157370 1265583696 3730959212
                                       3099862932 2689482928 1582446772
                                       3641323993 3262559095 2058731145
                                       2667535302 194530247 2363726308
                                       2011490118 692671875 740820509
                                       3605081222 825134920 1576217086
                                       4067048148 1114591185 744564511
                                       4185648531 264108726 3745061916
                                       2064628369 2688487399 2696663285
                                       3749846798 401508524 3510274072
                                       2508823345 2860321468 2528029500
                                       596011701 1588144883 2872155818
                                       4047205314 749882596 2067149432
                                       4031080953 1457671880 712246302
                                       3623712819 3523955563 3241638465
                                       3736477225 995302522 4095821765
                                       3612926576 4253171126 782278047
                                       2849936407 2190242091 4220966412
                                       4063019098 2504136678 515697551
                                       2589633517 3148777901 4116108893
                                       95290236 3760475861 1928890956 266691941
                                       3641623029 873937597 65444678 168529419
                                       2560674409 1187327399 4026939425
                                       3811722252 2293686260 795638421
                                       2095547796 119045376 762801 2819271159
                                       549682790 3300835014 1973867174
                                       2939490715 1440562486 2863602070
                                       1368112131 2341182624 1677410042
                                       614740158 1961450566 370193720
                                       2087946455 1250060496 1210551219
                                       401390967 41143326 3259453549 2014589773
                                       1320701597 4014080033 40422732
                                       1270714564 1529879492 2187649771
                                       999216177 1702938312 3761574542
                                       1528218848 583300223 928333742
                                       3168418580 990381805 374928904
                                       3322095213 4169590736 30868630
                                       1467718880 1371792480 2711204492
                                       1886230270 3127774577 3827226954
                                       3333317685 3323008372 1426214398
                                       3522165052 2253511532 2962700964
                                       529942168 1629724592 2687291079
                                       2675620069 822565840 3667372233
                                       321788928 1582364366 2261841422
                                       1113995374 2128863890 3282566159
                                       2522811707 4020271478 310646212
                                       3256523878 2451308115 347329414
                                       158786198 1194422155 3985883393
                                       791398876 2477195496 1621887220
                                       3894241595 4054853514 3707791595
                                       852927778 3253862943 1898666833
                                       1682016587 3254630866 3603466669
                                       658329073 3016078649 691904280
                                       3055278054 422519142 377479522
                                       1368981535 3240545017 2613678509
                                       3158719707 1751454035 1642733024
                                       1485032150 1386928873 207196279
                                       3203952166 66136162 3507335007
                                       2958028050 318635212 3284226725
                                       1777335977 3418027574 1263930071
                                       3010262353 2897856151 4006056614
                                       4053017270 3734831690 297213032
                                       1102158706 1280328896 2014597144
                                       2042915510 878515791 3568050187
                                       4270082059 823250349 3701434451
                                       4122599983 3334432794 3800620423
                                       3058321618 3051354889 857337206
                                       3871204676 4033755682 3707750968
                                       4156758710 2382844623 3007365934
                                       2537658906 2960661312 1582159206
                                       3620571616 913770186 323850306
                                       1050636814 3669702809 1131814337
                                       3468701877 4158354430 1735109406
                                       1646299326 3759513838 1891334849
                                       817908110 977629824 41170119 3871554165
                                       1525862366 406743318 3871083741
                                       1785335268 1107063667 3658518899
                                       3391374168 4041457692 376606143
                                       1059011133 821013321 1742228927
                                       1286434238 3773365298 3895806414
                                       2591327186 4006500342 3326574735
                                       827212325 2985681253 2940440184
                                       2373151383 719914829 2906478392
                                       1881465939 593447419 3369101980
                                       4158260463 224844568 3735067640
                                       4100472056 3222292224 2527020978
                                       198595816 2106134407 3578601771 77007081
                                       4171068421 1206019764 2506853735
                                       821800463 3344056143 2426831182
                                       2817145563 2424402469 2400372456
                                       2768631134 512417035 976773900
                                       1889101719 27215755 523761041 3641459611
                                       826973708 4258121530 4165144141
                                       2028687558 3086384899 2052323575
                                       2051877394 1589016920 2592306779
                                       1664405999 2691329547 4143644621
                                       1221368361 1413727980 1542724767
                                       588478181 147743808 2197119752 329296284
                                       2554406886 1265099706)))