(
 (
(95 27 1)
(95 27 1)
(95 27 1)
(95 27 1)
(95 27 1)
(95 27 1)
(95 27 1)
(95 27 1)
(95 27 1)
(95 27 1)
(95 27 1)
(95 27 1)

 )
 (
(281 243 3)
(281 243 3)
(281 243 3)
(281 243 3)
(281 243 3)
(281 243 3)
(281 243 3)
(281 243 3)
(281 243 3)
(281 243 3)
(281 243 3)
(281 243 3)

 )
 (
(560 972 6)
(560 972 6)
(560 972 6)
(560 972 6)
(560 972 6)
(560 972 6)
(560 972 6)
(560 972 6)
(560 972 6)
(560 972 6)
(560 972 6)
(560 972 6)

 )
 (
(839 2187 9)
(839 2187 9)
(839 2187 9)
(839 2187 9)
(839 2187 9)
(839 2187 9)
(839 2187 9)
(839 2187 9)
(839 2187 9)
(839 2187 9)
(839 2187 9)
(839 2187 9)

 )
 (
(1118 3888 12)
(1118 3888 12)
(1118 3888 12)
(1118 3888 12)
(1118 3888 12)
(1118 3888 12)
(1118 3888 12)
(1118 3888 12)
(1118 3888 12)
(1118 3888 12)
(1118 3888 12)
(1118 3888 12)

 )
 (
(1397 6075 15)
(1397 6075 15)
(1397 6075 15)
(1397 6075 15)
(1397 6075 15)
(1397 6075 15)
(1397 6075 15)
(1397 6075 15)
(1397 6075 15)
(1397 6075 15)
(1397 6075 15)
(1397 6075 15)

 )
 (
(1676 8748 18)
(1676 8748 18)
(1676 8748 18)
(1676 8748 18)
(1676 8748 18)
(1676 8748 18)
(1676 8748 18)
(1676 8748 18)
(1676 8748 18)
(1676 8748 18)
(1676 8748 18)
(1676 8748 18)

 )
 (
(1955 11907 21)
(1955 11907 21)
(1955 11907 21)
(1955 11907 21)
(1955 11907 21)
(1955 11907 21)
(1955 11907 21)
(1955 11907 21)
(1955 11907 21)
(1955 11907 21)
(1955 11907 21)
(1955 11907 21)

 )
 (
(2234 15552 24)
(2234 15552 24)
(2234 15552 24)
(2234 15552 24)
(2234 15552 24)
(2234 15552 24)
(2234 15552 24)
(2234 15552 24)
(2234 15552 24)
(2234 15552 24)
(2234 15552 24)
(2234 15552 24)

 )
 (
(2513 19683 27)
(2513 19683 27)
(2513 19683 27)
(2513 19683 27)
(2513 19683 27)
(2513 19683 27)
(2513 19683 27)
(2513 19683 27)
(2513 19683 27)
(2513 19683 27)
(2513 19683 27)
(2513 19683 27)

 )
 (
(2792 24300 30)
(2792 24300 30)
(2792 24300 30)
(2792 24300 30)
(2792 24300 30)
(2792 24300 30)
(2792 24300 30)
(2792 24300 30)
(2792 24300 30)
(2792 24300 30)
(2792 24300 30)
(2792 24300 30)

 )
 (
(3071 29403 33)
(3071 29403 33)
(3071 29403 33)
(3071 29403 33)
(3071 29403 33)
(3071 29403 33)
(3071 29403 33)
(3071 29403 33)
(3071 29403 33)
(3071 29403 33)
(3071 29403 33)
(3071 29403 33)

 )
 (
(3350 34992 36)
(3350 34992 36)
(3350 34992 36)
(3350 34992 36)
(3350 34992 36)
(3350 34992 36)
(3350 34992 36)
(3350 34992 36)
(3350 34992 36)
(3350 34992 36)
(3350 34992 36)
(3350 34992 36)

 )
 (
(3629 41067 39)
(3629 41067 39)
(3629 41067 39)
(3629 41067 39)
(3629 41067 39)
(3629 41067 39)
(3629 41067 39)
(3629 41067 39)
(3629 41067 39)
(3629 41067 39)
(3629 41067 39)
(3629 41067 39)

 )
 (
(3908 47628 42)
(3908 47628 42)
(3908 47628 42)
(3908 47628 42)
(3908 47628 42)
(3908 47628 42)
(3908 47628 42)
(3908 47628 42)
(3908 47628 42)
(3908 47628 42)
(3908 47628 42)
(3908 47628 42)

 )
 (
(4187 54675 45)
(4187 54675 45)
(4187 54675 45)
(4187 54675 45)
(4187 54675 45)
(4187 54675 45)
(4187 54675 45)
(4187 54675 45)
(4187 54675 45)
(4187 54675 45)
(4187 54675 45)
(4187 54675 45)

 )
 (
(4466 62208 48)
(4466 62208 48)
(4466 62208 48)
(4466 62208 48)
(4466 62208 48)
(4466 62208 48)
(4466 62208 48)
(4466 62208 48)
(4466 62208 48)
(4466 62208 48)
(4466 62208 48)
(4466 62208 48)

 )
 (
(4745 70227 51)
(4745 70227 51)
(4745 70227 51)
(4745 70227 51)
(4745 70227 51)
(4745 70227 51)
(4745 70227 51)
(4745 70227 51)
(4745 70227 51)
(4745 70227 51)
(4745 70227 51)
(4745 70227 51)

 )
 (
(5024 78732 54)
(5024 78732 54)
(5024 78732 54)
(5024 78732 54)
(5024 78732 54)
(5024 78732 54)
(5024 78732 54)
(5024 78732 54)
(5024 78732 54)
(5024 78732 54)
(5024 78732 54)
(5024 78732 54)

 )

)
